8.148356279853892492e-02 8.692400000000000126e-01 8.415554265815437807e-02 7.897603485838780579e-02 9.318770505957519878e-01 7.897603485838780579e-02
5.307817295540710745e-02 8.951000000000000068e-01 7.873594001071237969e-02 4.003267973856208806e-02 9.628734242790537579e-01 4.003267973856208806e-02
0.000000000000000000e+00 9.265600000000000502e-01 0.000000000000000000e+00 0.000000000000000000e+00 1.000000000000000000e+00 0.000000000000000000e+00
0.000000000000000000e+00 9.235402636082772343e-01 0.000000000000000000e+00 0.000000000000000000e+00 9.998075025866839383e-01 0.000000000000000000e+00
0.000000000000000000e+00 9.234735836056100489e-01 0.000000000000000000e+00 0.000000000000000000e+00 9.997353160566905261e-01 0.000000000000000000e+00
6.540964458534956338e-02 8.755084350203373722e-01 7.653260445138618251e-02 5.710955710955711168e-02 9.430929521884550137e-01 5.710955710955711168e-02
0.000000000000000000e+00 9.237180769487230991e-01 0.000000000000000000e+00 0.000000000000000000e+00 1.000000000000000000e+00 0.000000000000000000e+00
0.000000000000000000e+00 9.232290902624969986e-01 0.000000000000000000e+00 0.000000000000000000e+00 9.994706321133809412e-01 0.000000000000000000e+00
0.000000000000000000e+00 9.237180769487230991e-01 0.000000000000000000e+00 0.000000000000000000e+00 1.000000000000000000e+00 0.000000000000000000e+00
5.952952472395582617e-02 8.693738747749549800e-01 6.602768903088392094e-02 5.419580419580419250e-02 9.366924131956977373e-01 5.419580419580419250e-02
2.323555039209991308e-03 9.236513969460559137e-01 3.636363636363636465e-01 1.165501165501165500e-03 9.998315647633484460e-01 1.165501165501165500e-03
0.000000000000000000e+00 9.237180769487230991e-01 0.000000000000000000e+00 0.000000000000000000e+00 1.000000000000000000e+00 0.000000000000000000e+00
6.698097870264996256e-02 8.724411548976461761e-01 7.576314821625597384e-02 6.002331002331002391e-02 9.395317500421087598e-01 6.002331002331002391e-02
1.161103047895500635e-03 9.235180369407214318e-01 1.538461538461538547e-01 5.827505827505827501e-04 9.997353160566905261e-01 5.827505827505827501e-04
5.792064871126557371e-04 9.232957702651641840e-01 4.761904761904761640e-02 2.913752913752913750e-04 9.995187564667099567e-01 2.913752913752913750e-04
0.000000000000000000e+00 9.237180769487230991e-01 0.000000000000000000e+00 0.000000000000000000e+00 1.000000000000000000e+00 0.000000000000000000e+00
4.937791601866251684e-02 8.913115956524638728e-01 7.418224299065420690e-02 3.700466200466200756e-02 9.618614499867658152e-01 3.700466200466200756e-02
0.000000000000000000e+00 9.237180769487230991e-01 0.000000000000000000e+00 0.000000000000000000e+00 1.000000000000000000e+00 0.000000000000000000e+00
6.851661527920520356e-02 8.791313818319219653e-01 8.312551953449709430e-02 5.827505827505827241e-02 9.469188382781106306e-01 5.827505827505827241e-02
1.729605073508215735e-03 9.230290502544953313e-01 8.108108108108108558e-02 8.741258741258741251e-04 9.991818859934069597e-01 8.741258741258741251e-04
0.000000000000000000e+00 9.237180769487230991e-01 0.000000000000000000e+00 0.000000000000000000e+00 1.000000000000000000e+00 0.000000000000000000e+00
6.295571758847588739e-02 8.828876886488409292e-01 8.078502966681880282e-02 5.157342657342657566e-02 9.515387761976948910e-01 5.157342657342657566e-02
1.081958344603732754e-02 9.187134632910266552e-01 7.547169811320754429e-02 5.827505827505827934e-03 9.941044829992540244e-01 5.827505827505827934e-03
0.000000000000000000e+00 9.237180769487230991e-01 0.000000000000000000e+00 0.000000000000000000e+00 1.000000000000000000e+00 0.000000000000000000e+00
7.304136990453100053e-02 8.624496863124283541e-01 7.531250000000000444e-02 7.090320682553692688e-02 9.279557849629918032e-01 7.090320682553692688e-02
0.000000000000000000e+00 9.235681680196082821e-01 0.000000000000000000e+00 0.000000000000000000e+00 1.000000000000000000e+00 0.000000000000000000e+00
1.733603004911875170e-03 9.223089204200489721e-01 4.838709677419354704e-02 8.826125330979700230e-04 9.985634982469808740e-01 8.826125330979700230e-04
1.165840862722238502e-03 9.229385442198286826e-01 6.250000000000000000e-02 5.884083553986466097e-04 9.992695753798207514e-01 5.884083553986466097e-04
5.803830528148578097e-04 9.225562726271052671e-01 2.127659574468085055e-02 2.942041776993233049e-04 9.988800155823919225e-01 2.942041776993233049e-04
2.176664135661857818e-02 9.130698814691526888e-01 7.530647985989491477e-02 1.272189349112426079e-02 9.871473430539665639e-01 1.272189349112426079e-02
1.729605073508215735e-03 9.221115134612356545e-01 3.370786516853932491e-02 8.875739644970413776e-04 9.979065748156081828e-01 8.875739644970413776e-04
1.163467132053519438e-03 9.227637704954904097e-01 3.448275862068965469e-02 5.917159763313609546e-04 9.986368394148146255e-01 5.917159763313609546e-04
0.000000000000000000e+00 9.238208767234205032e-01 0.000000000000000000e+00 0.000000000000000000e+00 9.998296049268518004e-01 0.000000000000000000e+00
0.000000000000000000e+00 9.239783180765165360e-01 0.000000000000000000e+00 0.000000000000000000e+00 1.000000000000000000e+00 0.000000000000000000e+00
0.000000000000000000e+00 9.239558264546456900e-01 0.000000000000000000e+00 0.000000000000000000e+00 9.999756578466930668e-01 0.000000000000000000e+00
4.511607533946560694e-02 8.980593874210895944e-01 7.426099495313626120e-02 3.240012582573136013e-02 9.675683867545654682e-01 3.240012582573136013e-02
0.000000000000000000e+00 9.256254383913958828e-01 0.000000000000000000e+00 0.000000000000000000e+00 9.999494834684650169e-01 0.000000000000000000e+00
0.000000000000000000e+00 9.254383913958381669e-01 0.000000000000000000e+00 0.000000000000000000e+00 9.997474173423253063e-01 0.000000000000000000e+00
0.000000000000000000e+00 9.406873614190687238e-01 0.000000000000000000e+00 0.000000000000000000e+00 1.000000000000000000e+00 0.000000000000000000e+00
0.000000000000000000e+00 9.285662563359884381e-01 0.000000000000000000e+00 0.000000000000000000e+00 1.000000000000000000e+00 0.000000000000000000e+00
5.969249321676213527e-02 8.870745836350470981e-01 7.366071428571428770e-02 5.017739483020780544e-02 9.514563106796116720e-01 5.017739483020780544e-02
0.000000000000000000e+00 9.250784892017885896e-01 0.000000000000000000e+00 0.000000000000000000e+00 1.000000000000000000e+00 0.000000000000000000e+00
1.014492753623188331e-01 9.007205764611689869e-01 1.049999999999999961e-01 9.813084112149532412e-02 9.493348429097084873e-01 9.813084112149532412e-02
0.000000000000000000e+00 9.544015199493349755e-01 0.000000000000000000e+00 0.000000000000000000e+00 1.000000000000000000e+00 0.000000000000000000e+00
0.000000000000000000e+00 9.537682077264091340e-01 0.000000000000000000e+00 0.000000000000000000e+00 9.993364299933642503e-01 0.000000000000000000e+00
1.960784313725490169e-02 9.366687777074097498e-01 3.333333333333333287e-02 1.388888888888888812e-02 9.807564698075647014e-01 1.388888888888888812e-02
0.000000000000000000e+00 9.347688410386320035e-01 0.000000000000000000e+00 0.000000000000000000e+00 9.794293297942933130e-01 0.000000000000000000e+00
0.000000000000000000e+00 9.537682077264091340e-01 0.000000000000000000e+00 0.000000000000000000e+00 9.993364299933642503e-01 0.000000000000000000e+00
0.000000000000000000e+00 9.392020265991133376e-01 0.000000000000000000e+00 0.000000000000000000e+00 9.840743198407432279e-01 0.000000000000000000e+00
0.000000000000000000e+00 9.544015199493349755e-01 0.000000000000000000e+00 0.000000000000000000e+00 1.000000000000000000e+00 0.000000000000000000e+00
4.123711340206185488e-02 9.411019632678910840e-01 8.000000000000000167e-02 2.777777777777777624e-02 9.847378898473788666e-01 2.777777777777777624e-02
0.000000000000000000e+00 9.544015199493349755e-01 0.000000000000000000e+00 0.000000000000000000e+00 1.000000000000000000e+00 0.000000000000000000e+00
0.000000000000000000e+00 9.544015199493349755e-01 0.000000000000000000e+00 0.000000000000000000e+00 1.000000000000000000e+00 0.000000000000000000e+00
0.000000000000000000e+00 9.436352121595946718e-01 0.000000000000000000e+00 0.000000000000000000e+00 9.887193098871931429e-01 0.000000000000000000e+00
0.000000000000000000e+00 9.544015199493349755e-01 0.000000000000000000e+00 0.000000000000000000e+00 1.000000000000000000e+00 0.000000000000000000e+00
0.000000000000000000e+00 9.544015199493349755e-01 0.000000000000000000e+00 0.000000000000000000e+00 1.000000000000000000e+00 0.000000000000000000e+00
0.000000000000000000e+00 9.335022165927802096e-01 0.000000000000000000e+00 0.000000000000000000e+00 9.781021897810219246e-01 0.000000000000000000e+00
0.000000000000000000e+00 9.531348955034831816e-01 0.000000000000000000e+00 0.000000000000000000e+00 9.986728599867286116e-01 0.000000000000000000e+00
1.030927835051546337e-01 9.449018366054464657e-01 2.000000000000000111e-01 6.944444444444444753e-02 9.867285998672860048e-01 6.944444444444444753e-02
0.000000000000000000e+00 9.544015199493349755e-01 0.000000000000000000e+00 0.000000000000000000e+00 1.000000000000000000e+00 0.000000000000000000e+00
0.000000000000000000e+00 9.544015199493349755e-01 0.000000000000000000e+00 0.000000000000000000e+00 1.000000000000000000e+00 0.000000000000000000e+00
0.000000000000000000e+00 9.544015199493349755e-01 0.000000000000000000e+00 0.000000000000000000e+00 1.000000000000000000e+00 0.000000000000000000e+00
0.000000000000000000e+00 9.544015199493349755e-01 0.000000000000000000e+00 0.000000000000000000e+00 1.000000000000000000e+00 0.000000000000000000e+00
0.000000000000000000e+00 9.537682077264091340e-01 0.000000000000000000e+00 0.000000000000000000e+00 9.993364299933642503e-01 0.000000000000000000e+00
0.000000000000000000e+00 9.535978480161398929e-01 0.000000000000000000e+00 0.000000000000000000e+00 1.000000000000000000e+00 0.000000000000000000e+00
0.000000000000000000e+00 9.408204438466711839e-01 0.000000000000000000e+00 0.000000000000000000e+00 9.866008462623413466e-01 0.000000000000000000e+00
0.000000000000000000e+00 9.394754539340954835e-01 0.000000000000000000e+00 0.000000000000000000e+00 9.851904090267983305e-01 0.000000000000000000e+00
1.941747572815533812e-02 9.320780094149293538e-01 2.941176470588235253e-02 1.449275362318840597e-02 9.767277856135402336e-01 1.449275362318840597e-02
0.000000000000000000e+00 9.535978480161398929e-01 0.000000000000000000e+00 0.000000000000000000e+00 1.000000000000000000e+00 0.000000000000000000e+00
0.000000000000000000e+00 9.535978480161398929e-01 0.000000000000000000e+00 0.000000000000000000e+00 1.000000000000000000e+00 0.000000000000000000e+00
0.000000000000000000e+00 9.535978480161398929e-01 0.000000000000000000e+00 0.000000000000000000e+00 1.000000000000000000e+00 0.000000000000000000e+00
0.000000000000000000e+00 9.535978480161398929e-01 0.000000000000000000e+00 0.000000000000000000e+00 1.000000000000000000e+00 0.000000000000000000e+00
0.000000000000000000e+00 9.535978480161398929e-01 0.000000000000000000e+00 0.000000000000000000e+00 1.000000000000000000e+00 0.000000000000000000e+00
0.000000000000000000e+00 9.529253530598520427e-01 0.000000000000000000e+00 0.000000000000000000e+00 9.992947813822284919e-01 0.000000000000000000e+00
2.173913043478260809e-02 9.394754539340954835e-01 4.347826086956521618e-02 1.449275362318840597e-02 9.844851904090268224e-01 1.449275362318840597e-02
0.000000000000000000e+00 9.535978480161398929e-01 0.000000000000000000e+00 0.000000000000000000e+00 1.000000000000000000e+00 0.000000000000000000e+00
0.000000000000000000e+00 9.502353732347007531e-01 0.000000000000000000e+00 0.000000000000000000e+00 9.964739069111424596e-01 0.000000000000000000e+00
0.000000000000000000e+00 9.522528581035641926e-01 0.000000000000000000e+00 0.000000000000000000e+00 9.985895627644569839e-01 0.000000000000000000e+00
0.000000000000000000e+00 9.515803631472763424e-01 0.000000000000000000e+00 0.000000000000000000e+00 9.978843441466854758e-01 0.000000000000000000e+00
0.000000000000000000e+00 9.522528581035641926e-01 0.000000000000000000e+00 0.000000000000000000e+00 9.985895627644569839e-01 0.000000000000000000e+00
0.000000000000000000e+00 9.535978480161398929e-01 0.000000000000000000e+00 0.000000000000000000e+00 1.000000000000000000e+00 0.000000000000000000e+00
0.000000000000000000e+00 9.535978480161398929e-01 0.000000000000000000e+00 0.000000000000000000e+00 1.000000000000000000e+00 0.000000000000000000e+00
3.669724770642201345e-02 9.293880295897780641e-01 5.000000000000000278e-02 2.898550724637681195e-02 9.732016925246826933e-01 2.898550724637681195e-02
6.315789473684210731e-02 9.401479488903833337e-01 1.153846153846153910e-01 4.347826086956521618e-02 9.837799717912553144e-01 4.347826086956521618e-02
2.380952380952381167e-02 9.448554135843980628e-01 6.666666666666666574e-02 1.449275362318840597e-02 9.901269393511988870e-01 1.449275362318840597e-02
0.000000000000000000e+00 9.535978480161398929e-01 0.000000000000000000e+00 0.000000000000000000e+00 1.000000000000000000e+00 0.000000000000000000e+00
0.000000000000000000e+00 9.371474617244157646e-01 0.000000000000000000e+00 0.000000000000000000e+00 9.797809604043807852e-01 0.000000000000000000e+00
0.000000000000000000e+00 9.548387096774193505e-01 0.000000000000000000e+00 0.000000000000000000e+00 9.983136593591905861e-01 0.000000000000000000e+00
0.000000000000000000e+00 9.508460918614021207e-01 0.000000000000000000e+00 0.000000000000000000e+00 9.941027801179443957e-01 0.000000000000000000e+00
0.000000000000000000e+00 9.564867042707494438e-01 0.000000000000000000e+00 0.000000000000000000e+00 1.000000000000000000e+00 0.000000000000000000e+00
0.000000000000000000e+00 9.564867042707494438e-01 0.000000000000000000e+00 0.000000000000000000e+00 1.000000000000000000e+00 0.000000000000000000e+00
0.000000000000000000e+00 9.516129032258064946e-01 0.000000000000000000e+00 0.000000000000000000e+00 9.949409780775716472e-01 0.000000000000000000e+00
0.000000000000000000e+00 9.564867042707494438e-01 0.000000000000000000e+00 0.000000000000000000e+00 1.000000000000000000e+00 0.000000000000000000e+00
0.000000000000000000e+00 9.564867042707494438e-01 0.000000000000000000e+00 0.000000000000000000e+00 1.000000000000000000e+00 0.000000000000000000e+00
0.000000000000000000e+00 9.564516129032257785e-01 0.000000000000000000e+00 0.000000000000000000e+00 1.000000000000000000e+00 0.000000000000000000e+00
0.000000000000000000e+00 9.564516129032257785e-01 0.000000000000000000e+00 0.000000000000000000e+00 1.000000000000000000e+00 0.000000000000000000e+00
0.000000000000000000e+00 9.564867042707494438e-01 0.000000000000000000e+00 0.000000000000000000e+00 1.000000000000000000e+00 0.000000000000000000e+00
2.439024390243902524e-02 9.355358581788879579e-01 3.571428571428571230e-02 1.851851851851851749e-02 9.772535804549283833e-01 1.851851851851851749e-02
5.333333333333333676e-02 9.427880741337630877e-01 9.523809523809523281e-02 3.703703703703703498e-02 9.839932603201347883e-01 3.703703703703703498e-02
0.000000000000000000e+00 9.347300564061240546e-01 0.000000000000000000e+00 0.000000000000000000e+00 9.772535804549283833e-01 0.000000000000000000e+00
0.000000000000000000e+00 9.564867042707494438e-01 0.000000000000000000e+00 0.000000000000000000e+00 1.000000000000000000e+00 0.000000000000000000e+00
0.000000000000000000e+00 9.564516129032257785e-01 0.000000000000000000e+00 0.000000000000000000e+00 1.000000000000000000e+00 0.000000000000000000e+00
0.000000000000000000e+00 9.548751007252216372e-01 0.000000000000000000e+00 0.000000000000000000e+00 9.983150800336983988e-01 0.000000000000000000e+00
6.666666666666666574e-02 9.323126510878323447e-01 8.333333333333332871e-02 5.555555555555555247e-02 9.721988205560235796e-01 5.555555555555555247e-02
6.153846153846153494e-02 9.508064516129032251e-01 1.818181818181818232e-01 3.703703703703703498e-02 9.924114671163575263e-01 3.703703703703703498e-02
0.000000000000000000e+00 9.556809024979855405e-01 0.000000000000000000e+00 0.000000000000000000e+00 9.991575400168491994e-01 0.000000000000000000e+00
0.000000000000000000e+00 9.564867042707494438e-01 0.000000000000000000e+00 0.000000000000000000e+00 1.000000000000000000e+00 0.000000000000000000e+00
5.633802816901407884e-02 9.460112812248187009e-01 1.176470588235294101e-01 3.703703703703703498e-02 9.873631002527379907e-01 3.703703703703703498e-02
0.000000000000000000e+00 9.564867042707494438e-01 0.000000000000000000e+00 0.000000000000000000e+00 1.000000000000000000e+00 0.000000000000000000e+00
0.000000000000000000e+00 9.564867042707494438e-01 0.000000000000000000e+00 0.000000000000000000e+00 1.000000000000000000e+00 0.000000000000000000e+00
0.000000000000000000e+00 9.564867042707494438e-01 0.000000000000000000e+00 0.000000000000000000e+00 1.000000000000000000e+00 0.000000000000000000e+00
0.000000000000000000e+00 9.564867042707494438e-01 0.000000000000000000e+00 0.000000000000000000e+00 1.000000000000000000e+00 0.000000000000000000e+00
0.000000000000000000e+00 9.556809024979855405e-01 0.000000000000000000e+00 0.000000000000000000e+00 9.991575400168491994e-01 0.000000000000000000e+00
0.000000000000000000e+00 9.159741458910434231e-01 0.000000000000000000e+00 0.000000000000000000e+00 9.631067961165048485e-01 0.000000000000000000e+00
0.000000000000000000e+00 9.501385041551246857e-01 0.000000000000000000e+00 0.000000000000000000e+00 9.990291262135921890e-01 0.000000000000000000e+00
0.000000000000000000e+00 9.510618651892890352e-01 0.000000000000000000e+00 0.000000000000000000e+00 1.000000000000000000e+00 0.000000000000000000e+00
0.000000000000000000e+00 9.492151431209603363e-01 0.000000000000000000e+00 0.000000000000000000e+00 9.980582524271844891e-01 0.000000000000000000e+00
0.000000000000000000e+00 9.539415411868910066e-01 0.000000000000000000e+00 0.000000000000000000e+00 9.990723562152133974e-01 0.000000000000000000e+00
0.000000000000000000e+00 9.539415411868910066e-01 0.000000000000000000e+00 0.000000000000000000e+00 9.990723562152133974e-01 0.000000000000000000e+00
2.150537634408601975e-02 9.193976970770593171e-01 2.380952380952380820e-02 1.960784313725490169e-02 9.619666048237476286e-01 1.960784313725490169e-02
0.000000000000000000e+00 9.512843224092116801e-01 0.000000000000000000e+00 0.000000000000000000e+00 9.962894248608534786e-01 0.000000000000000000e+00
0.000000000000000000e+00 9.414634146341462895e-01 0.000000000000000000e+00 0.000000000000000000e+00 9.974160206718346577e-01 0.000000000000000000e+00
1.066666666666666596e-01 9.182926829268293067e-01 1.379310344827586188e-01 8.695652173913043237e-02 9.677002583979328332e-01 8.695652173913043237e-02
0.000000000000000000e+00 9.426829268292682418e-01 0.000000000000000000e+00 0.000000000000000000e+00 9.987080103359172734e-01 0.000000000000000000e+00
0.000000000000000000e+00 9.426829268292682418e-01 0.000000000000000000e+00 0.000000000000000000e+00 9.987080103359172734e-01 0.000000000000000000e+00
0.000000000000000000e+00 9.358974358974359031e-01 0.000000000000000000e+00 0.000000000000000000e+00 1.000000000000000000e+00 0.000000000000000000e+00
8.510638297872340219e-02 9.387464387464387050e-01 1.000000000000000000e+00 4.444444444444444614e-02 1.000000000000000000e+00 4.444444444444444614e-02
0.000000000000000000e+00 9.358974358974359031e-01 0.000000000000000000e+00 0.000000000000000000e+00 1.000000000000000000e+00 0.000000000000000000e+00
0.000000000000000000e+00 9.221902017291065956e-01 0.000000000000000000e+00 0.000000000000000000e+00 9.861325115562403765e-01 0.000000000000000000e+00
0.000000000000000000e+00 9.358974358974359031e-01 0.000000000000000000e+00 0.000000000000000000e+00 1.000000000000000000e+00 0.000000000000000000e+00
0.000000000000000000e+00 9.358974358974359031e-01 0.000000000000000000e+00 0.000000000000000000e+00 1.000000000000000000e+00 0.000000000000000000e+00
0.000000000000000000e+00 9.245014245014244736e-01 0.000000000000000000e+00 0.000000000000000000e+00 9.878234398782343995e-01 0.000000000000000000e+00
7.792207792207793415e-02 8.988603988603988126e-01 9.375000000000000000e-02 6.666666666666666574e-02 9.558599695585996425e-01 6.666666666666666574e-02
2.352941176470588203e-02 8.817663817663817794e-01 2.500000000000000139e-02 2.222222222222222307e-02 9.406392694063926418e-01 2.222222222222222307e-02
0.000000000000000000e+00 9.330484330484331013e-01 0.000000000000000000e+00 0.000000000000000000e+00 9.969558599695585999e-01 0.000000000000000000e+00
0.000000000000000000e+00 9.308357348703170109e-01 0.000000000000000000e+00 0.000000000000000000e+00 9.953775038520801255e-01 0.000000000000000000e+00
0.000000000000000000e+00 9.358974358974359031e-01 0.000000000000000000e+00 0.000000000000000000e+00 1.000000000000000000e+00 0.000000000000000000e+00
0.000000000000000000e+00 9.358974358974359031e-01 0.000000000000000000e+00 0.000000000000000000e+00 1.000000000000000000e+00 0.000000000000000000e+00
0.000000000000000000e+00 9.358974358974359031e-01 0.000000000000000000e+00 0.000000000000000000e+00 1.000000000000000000e+00 0.000000000000000000e+00
0.000000000000000000e+00 9.358974358974359031e-01 0.000000000000000000e+00 0.000000000000000000e+00 1.000000000000000000e+00 0.000000000000000000e+00
2.816901408450704289e-02 9.017094017094017255e-01 3.846153846153846367e-02 2.222222222222222307e-02 9.619482496194824428e-01 2.222222222222222307e-02
0.000000000000000000e+00 9.131054131054131551e-01 0.000000000000000000e+00 0.000000000000000000e+00 9.756468797564687989e-01 0.000000000000000000e+00
0.000000000000000000e+00 9.279538904899135021e-01 0.000000000000000000e+00 0.000000000000000000e+00 9.922958397534669128e-01 0.000000000000000000e+00
5.000000000000000278e-02 8.904899135446685543e-01 5.714285714285714107e-02 4.444444444444444614e-02 9.491525423728813804e-01 4.444444444444444614e-02
0.000000000000000000e+00 9.358974358974359031e-01 0.000000000000000000e+00 0.000000000000000000e+00 1.000000000000000000e+00 0.000000000000000000e+00
0.000000000000000000e+00 9.344729344729344467e-01 0.000000000000000000e+00 0.000000000000000000e+00 9.984779299847792444e-01 0.000000000000000000e+00
0.000000000000000000e+00 9.031339031339031820e-01 0.000000000000000000e+00 0.000000000000000000e+00 9.649923896499238429e-01 0.000000000000000000e+00
0.000000000000000000e+00 9.287749287749287319e-01 0.000000000000000000e+00 0.000000000000000000e+00 9.923896499238964442e-01 0.000000000000000000e+00
0.000000000000000000e+00 9.344729344729344467e-01 0.000000000000000000e+00 0.000000000000000000e+00 9.984779299847792444e-01 0.000000000000000000e+00
1.643835616438356073e-01 9.131054131054131551e-01 2.142857142857142738e-01 1.333333333333333315e-01 9.665144596651445985e-01 1.333333333333333315e-01
0.000000000000000000e+00 9.301994301994301884e-01 0.000000000000000000e+00 0.000000000000000000e+00 9.939117199391171997e-01 0.000000000000000000e+00
0.000000000000000000e+00 9.358974358974359031e-01 0.000000000000000000e+00 0.000000000000000000e+00 1.000000000000000000e+00 0.000000000000000000e+00
0.000000000000000000e+00 9.358974358974359031e-01 0.000000000000000000e+00 0.000000000000000000e+00 1.000000000000000000e+00 0.000000000000000000e+00
0.000000000000000000e+00 9.358974358974359031e-01 0.000000000000000000e+00 0.000000000000000000e+00 1.000000000000000000e+00 0.000000000000000000e+00
0.000000000000000000e+00 9.344729344729344467e-01 0.000000000000000000e+00 0.000000000000000000e+00 9.984779299847792444e-01 0.000000000000000000e+00
9.375000000000001388e-02 9.173789173789174134e-01 1.578947368421052544e-01 6.666666666666666574e-02 9.756468797564687989e-01 6.666666666666666574e-02
0.000000000000000000e+00 9.530355097365406092e-01 0.000000000000000000e+00 0.000000000000000000e+00 1.000000000000000000e+00 0.000000000000000000e+00
0.000000000000000000e+00 9.530355097365406092e-01 0.000000000000000000e+00 0.000000000000000000e+00 1.000000000000000000e+00 0.000000000000000000e+00
0.000000000000000000e+00 9.450171821305841657e-01 0.000000000000000000e+00 0.000000000000000000e+00 9.915865384615384359e-01 0.000000000000000000e+00
0.000000000000000000e+00 9.527744982290436981e-01 0.000000000000000000e+00 0.000000000000000000e+00 9.987623762376237613e-01 0.000000000000000000e+00
0.000000000000000000e+00 9.539551357733175863e-01 0.000000000000000000e+00 0.000000000000000000e+00 1.000000000000000000e+00 0.000000000000000000e+00
0.000000000000000000e+00 9.397874852420307068e-01 0.000000000000000000e+00 0.000000000000000000e+00 9.851485148514851353e-01 0.000000000000000000e+00
0.000000000000000000e+00 9.283154121863799180e-01 0.000000000000000000e+00 0.000000000000000000e+00 9.942418426103646345e-01 0.000000000000000000e+00
1.025641025641025744e-01 9.372759856630824560e-01 1.000000000000000000e+00 5.405405405405405705e-02 1.000000000000000000e+00 5.405405405405405705e-02
8.000000000000000167e-02 9.175627240143369168e-01 1.538461538461538547e-01 5.405405405405405705e-02 9.788867562380038079e-01 5.405405405405405705e-02
0.000000000000000000e+00 9.287925696594426794e-01 0.000000000000000000e+00 0.000000000000000000e+00 9.819967266775777581e-01 0.000000000000000000e+00
0.000000000000000000e+00 9.458204334365325483e-01 0.000000000000000000e+00 0.000000000000000000e+00 1.000000000000000000e+00 0.000000000000000000e+00
0.000000000000000000e+00 9.458204334365325483e-01 0.000000000000000000e+00 0.000000000000000000e+00 1.000000000000000000e+00 0.000000000000000000e+00
3.225806451612903136e-02 8.669623059866962134e-01 2.857142857142857054e-02 3.703703703703703498e-02 9.198113207547169434e-01 3.703703703703703498e-02
0.000000000000000000e+00 8.982558139534884134e-01 0.000000000000000000e+00 0.000000000000000000e+00 9.566563467492260608e-01 0.000000000000000000e+00
0.000000000000000000e+00 8.948948948948949322e-01 0.000000000000000000e+00 0.000000000000000000e+00 9.490445859872611578e-01 0.000000000000000000e+00
0.000000000000000000e+00 9.298245614035087758e-01 0.000000000000000000e+00 0.000000000000000000e+00 1.000000000000000000e+00 0.000000000000000000e+00
9.523809523809524669e-02 9.201680672268907069e-01 1.111111111111111049e-01 8.333333333333332871e-02 9.646017699115043698e-01 8.333333333333332871e-02
3.478260869565217295e-01 9.122807017543859143e-01 3.636363636363636465e-01 3.333333333333333148e-01 9.559748427672956073e-01 3.333333333333333148e-01
