0.000000000000000000e+00 9.265400000000000302e-01 0.000000000000000000e+00 0.000000000000000000e+00 9.999784147815575786e-01 0.000000000000000000e+00
0.000000000000000000e+00 9.265600000000000502e-01 0.000000000000000000e+00 0.000000000000000000e+00 1.000000000000000000e+00 0.000000000000000000e+00
1.085481682496607959e-03 9.263799999999999812e-01 1.538461538461538547e-01 5.446623093681917738e-04 9.997625625971334751e-01 5.446623093681917738e-04
0.000000000000000000e+00 9.265600000000000502e-01 0.000000000000000000e+00 0.000000000000000000e+00 1.000000000000000000e+00 0.000000000000000000e+00
5.418585749119481142e-04 9.262200000000000433e-01 5.263157894736841813e-02 2.723311546840958869e-04 9.996114660680366359e-01 2.723311546840958869e-04
5.380683346785042559e-04 9.256999999999999673e-01 2.222222222222222307e-02 2.723311546840958869e-04 9.990502503885339003e-01 2.723311546840958869e-04
0.000000000000000000e+00 9.265600000000000502e-01 0.000000000000000000e+00 0.000000000000000000e+00 1.000000000000000000e+00 0.000000000000000000e+00
0.000000000000000000e+00 9.264999999999999902e-01 0.000000000000000000e+00 0.000000000000000000e+00 9.999352443446727357e-01 0.000000000000000000e+00
0.000000000000000000e+00 9.261399999999999633e-01 0.000000000000000000e+00 0.000000000000000000e+00 9.995467104127093716e-01 0.000000000000000000e+00
0.000000000000000000e+00 9.265600000000000502e-01 0.000000000000000000e+00 0.000000000000000000e+00 1.000000000000000000e+00 0.000000000000000000e+00
1.088731627653783448e-03 9.265999999999999792e-01 1.000000000000000000e+00 5.446623093681917738e-04 1.000000000000000000e+00 5.446623093681917738e-04
0.000000000000000000e+00 9.254200000000000204e-01 0.000000000000000000e+00 0.000000000000000000e+00 9.987696425487826435e-01 0.000000000000000000e+00
0.000000000000000000e+00 9.265600000000000502e-01 0.000000000000000000e+00 0.000000000000000000e+00 1.000000000000000000e+00 0.000000000000000000e+00
5.412719891745603655e-04 9.261399999999999633e-01 4.347826086956521618e-02 2.723311546840958869e-04 9.995251251942669501e-01 2.723311546840958869e-04
0.000000000000000000e+00 9.264799999999999702e-01 0.000000000000000000e+00 0.000000000000000000e+00 9.999136591262303142e-01 0.000000000000000000e+00
0.000000000000000000e+00 9.265600000000000502e-01 0.000000000000000000e+00 0.000000000000000000e+00 1.000000000000000000e+00 0.000000000000000000e+00
0.000000000000000000e+00 9.265600000000000502e-01 0.000000000000000000e+00 0.000000000000000000e+00 1.000000000000000000e+00 0.000000000000000000e+00
5.393743257820928340e-04 9.258800000000000363e-01 2.777777777777777624e-02 2.723311546840958869e-04 9.992445173545155823e-01 2.723311546840958869e-04
1.079622132253711371e-03 9.259800000000000253e-01 6.060606060606060774e-02 5.446623093681917738e-04 9.993308582282852681e-01 5.446623093681917738e-04
0.000000000000000000e+00 9.265600000000000502e-01 0.000000000000000000e+00 0.000000000000000000e+00 1.000000000000000000e+00 0.000000000000000000e+00
0.000000000000000000e+00 9.265200000000000102e-01 0.000000000000000000e+00 0.000000000000000000e+00 9.999568295631151571e-01 0.000000000000000000e+00
1.626457034426673958e-03 9.263400000000000523e-01 1.764705882352941291e-01 8.169934640522876065e-04 9.996978069418062107e-01 8.169934640522876065e-04
0.000000000000000000e+00 9.265600000000000502e-01 0.000000000000000000e+00 0.000000000000000000e+00 1.000000000000000000e+00 0.000000000000000000e+00
0.000000000000000000e+00 9.265600000000000502e-01 0.000000000000000000e+00 0.000000000000000000e+00 1.000000000000000000e+00 0.000000000000000000e+00
1.108591584782061060e-02 9.214999999999999858e-01 7.407407407407406996e-02 5.991285403050108753e-03 9.940640649283370989e-01 5.991285403050108753e-03
0.000000000000000000e+00 9.265600000000000502e-01 0.000000000000000000e+00 0.000000000000000000e+00 1.000000000000000000e+00 0.000000000000000000e+00
0.000000000000000000e+00 9.265600000000000502e-01 0.000000000000000000e+00 0.000000000000000000e+00 1.000000000000000000e+00 0.000000000000000000e+00
0.000000000000000000e+00 9.263400000000000523e-01 0.000000000000000000e+00 0.000000000000000000e+00 9.997625625971334751e-01 0.000000000000000000e+00
0.000000000000000000e+00 9.265600000000000502e-01 0.000000000000000000e+00 0.000000000000000000e+00 1.000000000000000000e+00 0.000000000000000000e+00
0.000000000000000000e+00 9.265600000000000502e-01 0.000000000000000000e+00 0.000000000000000000e+00 1.000000000000000000e+00 0.000000000000000000e+00
0.000000000000000000e+00 9.261000000000000343e-01 0.000000000000000000e+00 0.000000000000000000e+00 9.995035399758245287e-01 0.000000000000000000e+00
2.165674066053059534e-03 9.262799999999999923e-01 1.818181818181818232e-01 1.089324618736383548e-03 9.996114660680366359e-01 1.089324618736383548e-03
6.454783748361730966e-02 8.858000000000000318e-01 8.100328947368420907e-02 5.364923747276688359e-02 9.517570367812122623e-01 5.364923747276688359e-02
0.000000000000000000e+00 9.265600000000000502e-01 0.000000000000000000e+00 0.000000000000000000e+00 1.000000000000000000e+00 0.000000000000000000e+00
0.000000000000000000e+00 9.265400000000000302e-01 0.000000000000000000e+00 0.000000000000000000e+00 9.999784147815575786e-01 0.000000000000000000e+00
0.000000000000000000e+00 9.265400000000000302e-01 0.000000000000000000e+00 0.000000000000000000e+00 9.999784147815575786e-01 0.000000000000000000e+00
0.000000000000000000e+00 9.265600000000000502e-01 0.000000000000000000e+00 0.000000000000000000e+00 1.000000000000000000e+00 0.000000000000000000e+00
1.623815967523680771e-03 9.262200000000000433e-01 1.304347826086956486e-01 8.169934640522876065e-04 9.995682956311517930e-01 8.169934640522876065e-04
0.000000000000000000e+00 9.265400000000000302e-01 0.000000000000000000e+00 0.000000000000000000e+00 9.999784147815575786e-01 0.000000000000000000e+00
0.000000000000000000e+00 9.265600000000000502e-01 0.000000000000000000e+00 0.000000000000000000e+00 1.000000000000000000e+00 0.000000000000000000e+00
0.000000000000000000e+00 9.265600000000000502e-01 0.000000000000000000e+00 0.000000000000000000e+00 1.000000000000000000e+00 0.000000000000000000e+00
0.000000000000000000e+00 9.264799999999999702e-01 0.000000000000000000e+00 0.000000000000000000e+00 9.999136591262303142e-01 0.000000000000000000e+00
7.782101167315176073e-03 9.234999999999999876e-01 8.196721311475409222e-02 4.084967320261438141e-03 9.963736833016749728e-01 4.084967320261438141e-03
2.159244264507422743e-03 9.260599999999999943e-01 1.212121212121212155e-01 1.089324618736383548e-03 9.993740286651701110e-01 1.089324618736383548e-03
0.000000000000000000e+00 9.265600000000000502e-01 0.000000000000000000e+00 0.000000000000000000e+00 1.000000000000000000e+00 0.000000000000000000e+00
0.000000000000000000e+00 9.264000000000000012e-01 0.000000000000000000e+00 0.000000000000000000e+00 9.998273182524607394e-01 0.000000000000000000e+00
5.385029617662897422e-02 8.945800000000000418e-01 7.898894154818325575e-02 4.084967320261437967e-02 9.622474529442237579e-01 4.084967320261437967e-02
1.625575724735844017e-03 9.263000000000000123e-01 1.578947368421052544e-01 8.169934640522876065e-04 9.996546365049214788e-01 8.169934640522876065e-04
2.161577951904891312e-03 9.261399999999999633e-01 1.379310344827586188e-01 1.089324618736383548e-03 9.994603695389396858e-01 1.089324618736383548e-03
0.000000000000000000e+00 9.264999999999999902e-01 0.000000000000000000e+00 0.000000000000000000e+00 9.999352443446727357e-01 0.000000000000000000e+00
0.000000000000000000e+00 9.265400000000000302e-01 0.000000000000000000e+00 0.000000000000000000e+00 9.999784147815575786e-01 0.000000000000000000e+00
0.000000000000000000e+00 9.265600000000000502e-01 0.000000000000000000e+00 0.000000000000000000e+00 1.000000000000000000e+00 0.000000000000000000e+00
0.000000000000000000e+00 9.264599999999999502e-01 0.000000000000000000e+00 0.000000000000000000e+00 9.998920739077878928e-01 0.000000000000000000e+00
5.433306166802500141e-04 9.264200000000000212e-01 1.111111111111111049e-01 2.723311546840958869e-04 9.998273182524607394e-01 2.723311546840958869e-04
0.000000000000000000e+00 9.265400000000000302e-01 0.000000000000000000e+00 0.000000000000000000e+00 9.999784147815575786e-01 0.000000000000000000e+00
0.000000000000000000e+00 9.264400000000000412e-01 0.000000000000000000e+00 0.000000000000000000e+00 9.998704886893455823e-01 0.000000000000000000e+00
0.000000000000000000e+00 9.265600000000000502e-01 0.000000000000000000e+00 0.000000000000000000e+00 1.000000000000000000e+00 0.000000000000000000e+00
0.000000000000000000e+00 9.264599999999999502e-01 0.000000000000000000e+00 0.000000000000000000e+00 9.998920739077878928e-01 0.000000000000000000e+00
1.077876583131231634e-03 9.258600000000000163e-01 5.128205128205128027e-02 5.446623093681917738e-04 9.992013469176308504e-01 5.446623093681917738e-04
1.622060016220600205e-03 9.261399999999999633e-01 1.111111111111111049e-01 8.169934640522876065e-04 9.994819547573821072e-01 8.169934640522876065e-04
0.000000000000000000e+00 9.264599999999999502e-01 0.000000000000000000e+00 0.000000000000000000e+00 9.998920739077878928e-01 0.000000000000000000e+00
0.000000000000000000e+00 9.265600000000000502e-01 0.000000000000000000e+00 0.000000000000000000e+00 1.000000000000000000e+00 0.000000000000000000e+00
0.000000000000000000e+00 9.265600000000000502e-01 0.000000000000000000e+00 0.000000000000000000e+00 1.000000000000000000e+00 0.000000000000000000e+00
0.000000000000000000e+00 9.264400000000000412e-01 0.000000000000000000e+00 0.000000000000000000e+00 9.998704886893455823e-01 0.000000000000000000e+00
0.000000000000000000e+00 9.265600000000000502e-01 0.000000000000000000e+00 0.000000000000000000e+00 1.000000000000000000e+00 0.000000000000000000e+00
6.704100731665815771e-02 8.903400000000000203e-01 8.934240362811791958e-02 5.364923747276688359e-02 9.566568813676394889e-01 5.364923747276688359e-02
1.088731627653783448e-03 9.265999999999999792e-01 1.000000000000000000e+00 5.446623093681917738e-04 1.000000000000000000e+00 5.446623093681917738e-04
0.000000000000000000e+00 9.265600000000000502e-01 0.000000000000000000e+00 0.000000000000000000e+00 1.000000000000000000e+00 0.000000000000000000e+00
0.000000000000000000e+00 9.261599999999999833e-01 0.000000000000000000e+00 0.000000000000000000e+00 9.995682956311517930e-01 0.000000000000000000e+00
7.642393655371305938e-02 8.719000000000000083e-01 8.121360711002145738e-02 7.216775599128540108e-02 9.352875151096529116e-01 7.216775599128540108e-02
0.000000000000000000e+00 9.265600000000000502e-01 0.000000000000000000e+00 0.000000000000000000e+00 1.000000000000000000e+00 0.000000000000000000e+00
1.085187194791101479e-03 9.263599999999999612e-01 1.428571428571428492e-01 5.446623093681917738e-04 9.997409773786910536e-01 5.446623093681917738e-04
1.086661233360500028e-03 9.264599999999999502e-01 2.222222222222222099e-01 5.446623093681917738e-04 9.998489034709031609e-01 5.446623093681917738e-04
0.000000000000000000e+00 9.264200000000000212e-01 0.000000000000000000e+00 0.000000000000000000e+00 9.998489034709031609e-01 0.000000000000000000e+00
1.621621621621621755e-03 9.261200000000000543e-01 1.071428571428571369e-01 8.169934640522876065e-04 9.994603695389396858e-01 8.169934640522876065e-04
0.000000000000000000e+00 9.265600000000000502e-01 0.000000000000000000e+00 0.000000000000000000e+00 1.000000000000000000e+00 0.000000000000000000e+00
0.000000000000000000e+00 9.265400000000000302e-01 0.000000000000000000e+00 0.000000000000000000e+00 9.999784147815575786e-01 0.000000000000000000e+00
0.000000000000000000e+00 9.265600000000000502e-01 0.000000000000000000e+00 0.000000000000000000e+00 1.000000000000000000e+00 0.000000000000000000e+00
0.000000000000000000e+00 9.265600000000000502e-01 0.000000000000000000e+00 0.000000000000000000e+00 1.000000000000000000e+00 0.000000000000000000e+00
0.000000000000000000e+00 9.264999999999999902e-01 0.000000000000000000e+00 0.000000000000000000e+00 9.999352443446727357e-01 0.000000000000000000e+00
2.171552660152008783e-03 9.264799999999999702e-01 3.333333333333333148e-01 1.089324618736383548e-03 9.998273182524607394e-01 1.089324618736383548e-03
0.000000000000000000e+00 9.265600000000000502e-01 0.000000000000000000e+00 0.000000000000000000e+00 1.000000000000000000e+00 0.000000000000000000e+00
3.402041224734840552e-02 9.034600000000000408e-01 6.415094339622641473e-02 2.314814814814814686e-02 9.732343291314108358e-01 2.314814814814814686e-02
0.000000000000000000e+00 9.264400000000000412e-01 0.000000000000000000e+00 0.000000000000000000e+00 9.998704886893455823e-01 0.000000000000000000e+00
0.000000000000000000e+00 9.265600000000000502e-01 0.000000000000000000e+00 0.000000000000000000e+00 1.000000000000000000e+00 0.000000000000000000e+00
0.000000000000000000e+00 9.265600000000000502e-01 0.000000000000000000e+00 0.000000000000000000e+00 1.000000000000000000e+00 0.000000000000000000e+00
1.086661233360500028e-03 9.264599999999999502e-01 2.222222222222222099e-01 5.446623093681917738e-04 9.998489034709031609e-01 5.446623093681917738e-04
0.000000000000000000e+00 9.265200000000000102e-01 0.000000000000000000e+00 0.000000000000000000e+00 9.999568295631151571e-01 0.000000000000000000e+00
0.000000000000000000e+00 9.265600000000000502e-01 0.000000000000000000e+00 0.000000000000000000e+00 1.000000000000000000e+00 0.000000000000000000e+00
0.000000000000000000e+00 9.265600000000000502e-01 0.000000000000000000e+00 0.000000000000000000e+00 1.000000000000000000e+00 0.000000000000000000e+00
5.398110661268556857e-04 9.259399999999999853e-01 3.030303030303030387e-02 2.723311546840958869e-04 9.993092730098428467e-01 2.723311546840958869e-04
0.000000000000000000e+00 9.265600000000000502e-01 0.000000000000000000e+00 0.000000000000000000e+00 1.000000000000000000e+00 0.000000000000000000e+00
0.000000000000000000e+00 9.264999999999999902e-01 0.000000000000000000e+00 0.000000000000000000e+00 9.999352443446727357e-01 0.000000000000000000e+00
0.000000000000000000e+00 9.265400000000000302e-01 0.000000000000000000e+00 0.000000000000000000e+00 9.999784147815575786e-01 0.000000000000000000e+00
0.000000000000000000e+00 9.261399999999999633e-01 0.000000000000000000e+00 0.000000000000000000e+00 9.995467104127093716e-01 0.000000000000000000e+00
0.000000000000000000e+00 9.264999999999999902e-01 0.000000000000000000e+00 0.000000000000000000e+00 9.999352443446727357e-01 0.000000000000000000e+00
0.000000000000000000e+00 9.262200000000000433e-01 0.000000000000000000e+00 0.000000000000000000e+00 9.996330512864790574e-01 0.000000000000000000e+00
0.000000000000000000e+00 9.263799999999999812e-01 0.000000000000000000e+00 0.000000000000000000e+00 9.998057330340183180e-01 0.000000000000000000e+00
0.000000000000000000e+00 9.265600000000000502e-01 0.000000000000000000e+00 0.000000000000000000e+00 1.000000000000000000e+00 0.000000000000000000e+00
5.393743257820928340e-04 9.258800000000000363e-01 2.777777777777777624e-02 2.723311546840958869e-04 9.992445173545155823e-01 2.723311546840958869e-04
0.000000000000000000e+00 9.263799999999999812e-01 0.000000000000000000e+00 0.000000000000000000e+00 9.998057330340183180e-01 0.000000000000000000e+00
8.024605060813644331e-02 8.684199999999999697e-01 8.244757253662740593e-02 7.815904139433550724e-02 9.310568122949404168e-01 7.815904139433550724e-02
1.078167115902965061e-03 9.258800000000000363e-01 5.263157894736841813e-02 5.446623093681917738e-04 9.992229321360732719e-01 5.446623093681917738e-04
0.000000000000000000e+00 9.265400000000000302e-01 0.000000000000000000e+00 0.000000000000000000e+00 9.999784147815575786e-01 0.000000000000000000e+00
0.000000000000000000e+00 9.265600000000000502e-01 0.000000000000000000e+00 0.000000000000000000e+00 1.000000000000000000e+00 0.000000000000000000e+00
1.619433198380566949e-03 9.260199999999999543e-01 9.090909090909091161e-02 8.169934640522876065e-04 9.993524434467276896e-01 8.169934640522876065e-04
2.680965147453083161e-03 9.255999999999999783e-01 8.620689655172414367e-02 1.361655773420479380e-03 9.988559834225522183e-01 1.361655773420479380e-03
0.000000000000000000e+00 9.265200000000000102e-01 0.000000000000000000e+00 0.000000000000000000e+00 9.999568295631151571e-01 0.000000000000000000e+00
0.000000000000000000e+00 9.264999999999999902e-01 0.000000000000000000e+00 0.000000000000000000e+00 9.999352443446727357e-01 0.000000000000000000e+00
0.000000000000000000e+00 9.265600000000000502e-01 0.000000000000000000e+00 0.000000000000000000e+00 1.000000000000000000e+00 0.000000000000000000e+00
1.082837033026529767e-03 9.262000000000000233e-01 9.090909090909091161e-02 5.446623093681917738e-04 9.995682956311517930e-01 5.446623093681917738e-04
5.417118093174431992e-04 9.262000000000000233e-01 5.000000000000000278e-02 2.723311546840958869e-04 9.995898808495942145e-01 2.723311546840958869e-04
1.985815602836879176e-02 9.170800000000000063e-01 7.526881720430107781e-02 1.143790849673202541e-02 9.888620272837160829e-01 1.143790849673202541e-02
0.000000000000000000e+00 9.265600000000000502e-01 0.000000000000000000e+00 0.000000000000000000e+00 1.000000000000000000e+00 0.000000000000000000e+00
0.000000000000000000e+00 9.265600000000000502e-01 0.000000000000000000e+00 0.000000000000000000e+00 1.000000000000000000e+00 0.000000000000000000e+00
0.000000000000000000e+00 9.265400000000000302e-01 0.000000000000000000e+00 0.000000000000000000e+00 9.999784147815575786e-01 0.000000000000000000e+00
0.000000000000000000e+00 9.265600000000000502e-01 0.000000000000000000e+00 0.000000000000000000e+00 1.000000000000000000e+00 0.000000000000000000e+00
0.000000000000000000e+00 9.265600000000000502e-01 0.000000000000000000e+00 0.000000000000000000e+00 1.000000000000000000e+00 0.000000000000000000e+00
0.000000000000000000e+00 9.264799999999999702e-01 0.000000000000000000e+00 0.000000000000000000e+00 9.999136591262303142e-01 0.000000000000000000e+00
0.000000000000000000e+00 9.265600000000000502e-01 0.000000000000000000e+00 0.000000000000000000e+00 1.000000000000000000e+00 0.000000000000000000e+00
5.636419944255188080e-02 8.781200000000000117e-01 6.532663316582915103e-02 4.956427015250544632e-02 9.437920911759627440e-01 4.956427015250544632e-02
6.295635242576666513e-02 8.844999999999999529e-01 7.788036932958651570e-02 5.283224400871459892e-02 9.504187532377827985e-01 5.283224400871459892e-02
1.081665765278529232e-03 9.261200000000000543e-01 7.692307692307692735e-02 5.446623093681917738e-04 9.994819547573821072e-01 5.446623093681917738e-04
1.076426264800861262e-03 9.257600000000000273e-01 4.545454545454545581e-02 5.446623093681917738e-04 9.990934208254187432e-01 5.446623093681917738e-04
0.000000000000000000e+00 9.265400000000000302e-01 0.000000000000000000e+00 0.000000000000000000e+00 9.999784147815575786e-01 0.000000000000000000e+00
0.000000000000000000e+00 9.265600000000000502e-01 0.000000000000000000e+00 0.000000000000000000e+00 1.000000000000000000e+00 0.000000000000000000e+00
5.383580080753701909e-04 9.257400000000000073e-01 2.325581395348837177e-02 2.723311546840958869e-04 9.990934208254187432e-01 2.723311546840958869e-04
1.598295151838039548e-03 9.250399999999999734e-01 3.658536585365853439e-02 8.169934640522876065e-04 9.982947677430495936e-01 8.169934640522876065e-04
0.000000000000000000e+00 9.265600000000000502e-01 0.000000000000000000e+00 0.000000000000000000e+00 1.000000000000000000e+00 0.000000000000000000e+00
0.000000000000000000e+00 9.265600000000000502e-01 0.000000000000000000e+00 0.000000000000000000e+00 1.000000000000000000e+00 0.000000000000000000e+00
0.000000000000000000e+00 9.265600000000000502e-01 0.000000000000000000e+00 0.000000000000000000e+00 1.000000000000000000e+00 0.000000000000000000e+00
0.000000000000000000e+00 9.265400000000000302e-01 0.000000000000000000e+00 0.000000000000000000e+00 9.999784147815575786e-01 0.000000000000000000e+00
0.000000000000000000e+00 9.265600000000000502e-01 0.000000000000000000e+00 0.000000000000000000e+00 1.000000000000000000e+00 0.000000000000000000e+00
0.000000000000000000e+00 9.265600000000000502e-01 0.000000000000000000e+00 0.000000000000000000e+00 1.000000000000000000e+00 0.000000000000000000e+00
0.000000000000000000e+00 9.264999999999999902e-01 0.000000000000000000e+00 0.000000000000000000e+00 9.999352443446727357e-01 0.000000000000000000e+00
4.065522005131240457e-02 9.027800000000000269e-01 7.383512544802867117e-02 2.805010893246187229e-02 9.721118977724054755e-01 2.805010893246187229e-02
0.000000000000000000e+00 9.259399999999999853e-01 0.000000000000000000e+00 0.000000000000000000e+00 9.993308582282852681e-01 0.000000000000000000e+00
0.000000000000000000e+00 9.265600000000000502e-01 0.000000000000000000e+00 0.000000000000000000e+00 1.000000000000000000e+00 0.000000000000000000e+00
0.000000000000000000e+00 9.265600000000000502e-01 0.000000000000000000e+00 0.000000000000000000e+00 1.000000000000000000e+00 0.000000000000000000e+00
6.485647788983708861e-02 8.794600000000000195e-01 7.536963577353046617e-02 5.691721132897603619e-02 9.446554999136591579e-01 5.691721132897603619e-02
1.082251082251082467e-03 9.261599999999999833e-01 8.333333333333332871e-02 5.446623093681917738e-04 9.995251251942669501e-01 5.446623093681917738e-04
0.000000000000000000e+00 9.265600000000000502e-01 0.000000000000000000e+00 0.000000000000000000e+00 1.000000000000000000e+00 0.000000000000000000e+00
0.000000000000000000e+00 9.264799999999999702e-01 0.000000000000000000e+00 0.000000000000000000e+00 9.999136591262303142e-01 0.000000000000000000e+00
0.000000000000000000e+00 9.265400000000000302e-01 0.000000000000000000e+00 0.000000000000000000e+00 9.999784147815575786e-01 0.000000000000000000e+00
0.000000000000000000e+00 9.265600000000000502e-01 0.000000000000000000e+00 0.000000000000000000e+00 1.000000000000000000e+00 0.000000000000000000e+00
0.000000000000000000e+00 9.265600000000000502e-01 0.000000000000000000e+00 0.000000000000000000e+00 1.000000000000000000e+00 0.000000000000000000e+00
5.414185165132648836e-04 9.261599999999999833e-01 4.545454545454545581e-02 2.723311546840958869e-04 9.995467104127093716e-01 2.723311546840958869e-04
0.000000000000000000e+00 9.265200000000000102e-01 0.000000000000000000e+00 0.000000000000000000e+00 9.999568295631151571e-01 0.000000000000000000e+00
5.412719891745603655e-04 9.261399999999999633e-01 4.347826086956521618e-02 2.723311546840958869e-04 9.995251251942669501e-01 2.723311546840958869e-04
4.580152671755724492e-02 8.974999999999999645e-01 7.239552678045908796e-02 3.349673202614378981e-02 9.659816957347607813e-01 3.349673202614378981e-02
0.000000000000000000e+00 9.265600000000000502e-01 0.000000000000000000e+00 0.000000000000000000e+00 1.000000000000000000e+00 0.000000000000000000e+00
0.000000000000000000e+00 9.262799999999999923e-01 0.000000000000000000e+00 0.000000000000000000e+00 9.996978069418062107e-01 0.000000000000000000e+00
0.000000000000000000e+00 9.264999999999999902e-01 0.000000000000000000e+00 0.000000000000000000e+00 9.999352443446727357e-01 0.000000000000000000e+00
1.623376623376623484e-03 9.262000000000000233e-01 1.250000000000000000e-01 8.169934640522876065e-04 9.995467104127093716e-01 8.169934640522876065e-04
0.000000000000000000e+00 9.265600000000000502e-01 0.000000000000000000e+00 0.000000000000000000e+00 1.000000000000000000e+00 0.000000000000000000e+00
0.000000000000000000e+00 9.257999999999999563e-01 0.000000000000000000e+00 0.000000000000000000e+00 9.991797616991884290e-01 0.000000000000000000e+00
0.000000000000000000e+00 9.265600000000000502e-01 0.000000000000000000e+00 0.000000000000000000e+00 1.000000000000000000e+00 0.000000000000000000e+00
0.000000000000000000e+00 9.265600000000000502e-01 0.000000000000000000e+00 0.000000000000000000e+00 1.000000000000000000e+00 0.000000000000000000e+00
0.000000000000000000e+00 9.265600000000000502e-01 0.000000000000000000e+00 0.000000000000000000e+00 1.000000000000000000e+00 0.000000000000000000e+00
0.000000000000000000e+00 9.265600000000000502e-01 0.000000000000000000e+00 0.000000000000000000e+00 1.000000000000000000e+00 0.000000000000000000e+00
5.412719891745603655e-04 9.261399999999999633e-01 4.347826086956521618e-02 2.723311546840958869e-04 9.995251251942669501e-01 2.723311546840958869e-04
0.000000000000000000e+00 9.265600000000000502e-01 0.000000000000000000e+00 0.000000000000000000e+00 1.000000000000000000e+00 0.000000000000000000e+00
0.000000000000000000e+00 9.265600000000000502e-01 0.000000000000000000e+00 0.000000000000000000e+00 1.000000000000000000e+00 0.000000000000000000e+00
1.077005923532579641e-03 9.257999999999999563e-01 4.761904761904761640e-02 5.446623093681917738e-04 9.991365912623035861e-01 5.446623093681917738e-04
0.000000000000000000e+00 9.265600000000000502e-01 0.000000000000000000e+00 0.000000000000000000e+00 1.000000000000000000e+00 0.000000000000000000e+00
0.000000000000000000e+00 9.258999999999999453e-01 0.000000000000000000e+00 0.000000000000000000e+00 9.992876877914004252e-01 0.000000000000000000e+00
1.083130246412131225e-03 9.262200000000000433e-01 9.523809523809523281e-02 5.446623093681917738e-04 9.995898808495942145e-01 5.446623093681917738e-04
0.000000000000000000e+00 9.265400000000000302e-01 0.000000000000000000e+00 0.000000000000000000e+00 9.999784147815575786e-01 0.000000000000000000e+00
0.000000000000000000e+00 9.265600000000000502e-01 0.000000000000000000e+00 0.000000000000000000e+00 1.000000000000000000e+00 0.000000000000000000e+00
0.000000000000000000e+00 9.265400000000000302e-01 0.000000000000000000e+00 0.000000000000000000e+00 9.999784147815575786e-01 0.000000000000000000e+00
1.084304689617782928e-03 9.263000000000000123e-01 1.176470588235294101e-01 5.446623093681917738e-04 9.996762217233637893e-01 5.446623093681917738e-04
0.000000000000000000e+00 9.265200000000000102e-01 0.000000000000000000e+00 0.000000000000000000e+00 9.999568295631151571e-01 0.000000000000000000e+00
0.000000000000000000e+00 9.261800000000000033e-01 0.000000000000000000e+00 0.000000000000000000e+00 9.995898808495942145e-01 0.000000000000000000e+00
1.659084827401659246e-02 9.264999999999999902e-01 4.769230769230769496e-01 8.442265795206972331e-03 9.992661025729580038e-01 8.442265795206972331e-03
0.000000000000000000e+00 9.265200000000000102e-01 0.000000000000000000e+00 0.000000000000000000e+00 9.999568295631151571e-01 0.000000000000000000e+00
0.000000000000000000e+00 9.265600000000000502e-01 0.000000000000000000e+00 0.000000000000000000e+00 1.000000000000000000e+00 0.000000000000000000e+00
0.000000000000000000e+00 9.265400000000000302e-01 0.000000000000000000e+00 0.000000000000000000e+00 9.999784147815575786e-01 0.000000000000000000e+00
0.000000000000000000e+00 9.265600000000000502e-01 0.000000000000000000e+00 0.000000000000000000e+00 1.000000000000000000e+00 0.000000000000000000e+00
1.088139281828074019e-03 9.265600000000000502e-01 5.000000000000000000e-01 5.446623093681917738e-04 9.999568295631151571e-01 5.446623093681917738e-04
6.818777865198005946e-03 9.242599999999999705e-01 9.219858156028368223e-02 3.540305010893246042e-03 9.972370920393713867e-01 3.540305010893246042e-03
2.538442762997314764e-02 9.201399999999999579e-01 1.223529411764705949e-01 1.416122004357298417e-02 9.919487135209807960e-01 1.416122004357298417e-02
2.742149491375497558e-02 9.120399999999999618e-01 7.294117647058823151e-02 1.688453159041394466e-02 9.829908478673804462e-01 1.688453159041394466e-02
0.000000000000000000e+00 9.265600000000000502e-01 0.000000000000000000e+00 0.000000000000000000e+00 1.000000000000000000e+00 0.000000000000000000e+00
4.175365344467641369e-03 9.236799999999999455e-01 5.000000000000000278e-02 2.178649237472767095e-03 9.967190467967536049e-01 2.178649237472767095e-03
0.000000000000000000e+00 9.265600000000000502e-01 0.000000000000000000e+00 0.000000000000000000e+00 1.000000000000000000e+00 0.000000000000000000e+00
0.000000000000000000e+00 9.265600000000000502e-01 0.000000000000000000e+00 0.000000000000000000e+00 1.000000000000000000e+00 0.000000000000000000e+00
0.000000000000000000e+00 9.265600000000000502e-01 0.000000000000000000e+00 0.000000000000000000e+00 1.000000000000000000e+00 0.000000000000000000e+00
0.000000000000000000e+00 9.265600000000000502e-01 0.000000000000000000e+00 0.000000000000000000e+00 1.000000000000000000e+00 0.000000000000000000e+00
0.000000000000000000e+00 9.265600000000000502e-01 0.000000000000000000e+00 0.000000000000000000e+00 1.000000000000000000e+00 0.000000000000000000e+00
0.000000000000000000e+00 9.265600000000000502e-01 0.000000000000000000e+00 0.000000000000000000e+00 1.000000000000000000e+00 0.000000000000000000e+00
0.000000000000000000e+00 9.265600000000000502e-01 0.000000000000000000e+00 0.000000000000000000e+00 1.000000000000000000e+00 0.000000000000000000e+00
0.000000000000000000e+00 9.265600000000000502e-01 0.000000000000000000e+00 0.000000000000000000e+00 1.000000000000000000e+00 0.000000000000000000e+00
0.000000000000000000e+00 9.265200000000000102e-01 0.000000000000000000e+00 0.000000000000000000e+00 9.999568295631151571e-01 0.000000000000000000e+00
2.677787532923617264e-02 9.113200000000000189e-01 6.900452488687783270e-02 1.661220043572984861e-02 9.822353652218960285e-01 1.661220043572984861e-02
5.863539445628998190e-03 9.254000000000000004e-01 1.375000000000000111e-01 2.995642701525054376e-03 9.985106199274736971e-01 2.995642701525054376e-03
1.945795691452397239e-02 9.153400000000000425e-01 6.511627906976744096e-02 1.143790849673202541e-02 9.869841132792264160e-01 1.143790849673202541e-02
0.000000000000000000e+00 9.265600000000000502e-01 0.000000000000000000e+00 0.000000000000000000e+00 1.000000000000000000e+00 0.000000000000000000e+00
0.000000000000000000e+00 9.265600000000000502e-01 0.000000000000000000e+00 0.000000000000000000e+00 1.000000000000000000e+00 0.000000000000000000e+00
7.876082961407192967e-03 9.244200000000000195e-01 1.094890510948905160e-01 4.084967320261438141e-03 9.973666033500259154e-01 4.084967320261438141e-03
0.000000000000000000e+00 9.265600000000000502e-01 0.000000000000000000e+00 0.000000000000000000e+00 1.000000000000000000e+00 0.000000000000000000e+00
7.366482504604051837e-03 9.245400000000000285e-01 1.085271317829457349e-01 3.812636165577342091e-03 9.975176998791227545e-01 3.812636165577342091e-03
0.000000000000000000e+00 9.265600000000000502e-01 0.000000000000000000e+00 0.000000000000000000e+00 1.000000000000000000e+00 0.000000000000000000e+00
0.000000000000000000e+00 9.265600000000000502e-01 0.000000000000000000e+00 0.000000000000000000e+00 1.000000000000000000e+00 0.000000000000000000e+00
0.000000000000000000e+00 9.265600000000000502e-01 0.000000000000000000e+00 0.000000000000000000e+00 1.000000000000000000e+00 0.000000000000000000e+00
0.000000000000000000e+00 9.265600000000000502e-01 0.000000000000000000e+00 0.000000000000000000e+00 1.000000000000000000e+00 0.000000000000000000e+00
0.000000000000000000e+00 9.265600000000000502e-01 0.000000000000000000e+00 0.000000000000000000e+00 1.000000000000000000e+00 0.000000000000000000e+00
0.000000000000000000e+00 9.265600000000000502e-01 0.000000000000000000e+00 0.000000000000000000e+00 1.000000000000000000e+00 0.000000000000000000e+00
