0.000000000000000000e+00 9.265200000000000102e-01 0.000000000000000000e+00 0.000000000000000000e+00 9.999568295631151571e-01 0.000000000000000000e+00
0.000000000000000000e+00 9.265400000000000302e-01 0.000000000000000000e+00 0.000000000000000000e+00 9.999784147815575786e-01 0.000000000000000000e+00
6.299212598425196763e-03 9.242799999999999905e-01 8.695652173913043237e-02 3.267973856209150426e-03 9.972802624762562296e-01 3.267973856209150426e-03
3.650586701434159389e-03 9.235784715694314029e-01 4.294478527607362150e-02 1.906318082788671046e-03 9.966326332376368446e-01 1.906318082788671046e-03
0.000000000000000000e+00 9.265600000000000502e-01 0.000000000000000000e+00 0.000000000000000000e+00 1.000000000000000000e+00 0.000000000000000000e+00
0.000000000000000000e+00 9.265600000000000502e-01 0.000000000000000000e+00 0.000000000000000000e+00 1.000000000000000000e+00 0.000000000000000000e+00
0.000000000000000000e+00 9.265600000000000502e-01 0.000000000000000000e+00 0.000000000000000000e+00 1.000000000000000000e+00 0.000000000000000000e+00
0.000000000000000000e+00 9.265600000000000502e-01 0.000000000000000000e+00 0.000000000000000000e+00 1.000000000000000000e+00 0.000000000000000000e+00
0.000000000000000000e+00 9.265600000000000502e-01 0.000000000000000000e+00 0.000000000000000000e+00 1.000000000000000000e+00 0.000000000000000000e+00
4.802561366061899872e-03 9.254000000000000004e-01 1.184210526315789408e-01 2.450980392156862711e-03 9.985537903643585400e-01 2.450980392156862711e-03
0.000000000000000000e+00 9.265600000000000502e-01 0.000000000000000000e+00 0.000000000000000000e+00 1.000000000000000000e+00 0.000000000000000000e+00
0.000000000000000000e+00 9.265600000000000502e-01 0.000000000000000000e+00 0.000000000000000000e+00 1.000000000000000000e+00 0.000000000000000000e+00
0.000000000000000000e+00 9.265200000000000102e-01 0.000000000000000000e+00 0.000000000000000000e+00 9.999568295631151571e-01 0.000000000000000000e+00
0.000000000000000000e+00 9.265600000000000502e-01 0.000000000000000000e+00 0.000000000000000000e+00 1.000000000000000000e+00 0.000000000000000000e+00
7.324091027988490453e-03 9.241000000000000325e-01 9.271523178807947185e-02 3.812636165577342091e-03 9.970428250733897046e-01 3.812636165577342091e-03
0.000000000000000000e+00 9.265600000000000502e-01 0.000000000000000000e+00 0.000000000000000000e+00 1.000000000000000000e+00 0.000000000000000000e+00
7.356805044666316767e-03 9.244400000000000395e-01 1.044776119402985037e-01 3.812636165577342091e-03 9.974097737869107583e-01 3.812636165577342091e-03
2.433682161109759073e-02 9.198135850868069952e-01 1.141552511415525051e-01 1.362026695723236175e-02 9.916243928764165716e-01 1.362026695723236175e-02
0.000000000000000000e+00 9.264697033515855162e-01 0.000000000000000000e+00 0.000000000000000000e+00 1.000000000000000000e+00 0.000000000000000000e+00
0.000000000000000000e+00 9.264697033515855162e-01 0.000000000000000000e+00 0.000000000000000000e+00 1.000000000000000000e+00 0.000000000000000000e+00
1.090512540894220117e-03 9.265098180797080030e-01 1.000000000000000000e+00 5.455537370430986986e-04 1.000000000000000000e+00 5.455537370430986986e-04
1.737242128121607027e-02 9.270617154600955256e-01 4.507042253521126862e-01 8.856905618599501470e-03 9.991525055413099654e-01 8.856905618599501470e-03
0.000000000000000000e+00 9.268505804518786251e-01 0.000000000000000000e+00 0.000000000000000000e+00 1.000000000000000000e+00 0.000000000000000000e+00
0.000000000000000000e+00 9.293466133841815635e-01 0.000000000000000000e+00 0.000000000000000000e+00 1.000000000000000000e+00 0.000000000000000000e+00
2.166064981949458387e-02 9.175406211331318396e-01 6.696428571428571230e-02 1.291989664082687263e-02 9.863142270921552157e-01 1.291989664082687263e-02
0.000000000000000000e+00 9.235681680196082821e-01 0.000000000000000000e+00 0.000000000000000000e+00 1.000000000000000000e+00 0.000000000000000000e+00
0.000000000000000000e+00 9.271026368081448643e-01 0.000000000000000000e+00 0.000000000000000000e+00 1.000000000000000000e+00 0.000000000000000000e+00
0.000000000000000000e+00 9.271026368081448643e-01 0.000000000000000000e+00 0.000000000000000000e+00 1.000000000000000000e+00 0.000000000000000000e+00
5.709342560553633261e-02 9.113532856213403255e-01 7.755581668625147196e-02 4.517453798767967488e-02 9.660628593662184960e-01 4.517453798767967488e-02
5.524861878453038444e-02 9.096047495120364035e-01 7.286995515695067482e-02 4.449007529089664403e-02 9.642471142622455194e-01 4.449007529089664403e-02
0.000000000000000000e+00 9.410211267605633756e-01 0.000000000000000000e+00 0.000000000000000000e+00 1.000000000000000000e+00 0.000000000000000000e+00
0.000000000000000000e+00 9.445938427299703788e-01 0.000000000000000000e+00 0.000000000000000000e+00 1.000000000000000000e+00 0.000000000000000000e+00
0.000000000000000000e+00 9.353879849812265501e-01 0.000000000000000000e+00 0.000000000000000000e+00 1.000000000000000000e+00 0.000000000000000000e+00
0.000000000000000000e+00 9.353829304545099310e-01 0.000000000000000000e+00 0.000000000000000000e+00 1.000000000000000000e+00 0.000000000000000000e+00
0.000000000000000000e+00 9.510618651892890352e-01 0.000000000000000000e+00 0.000000000000000000e+00 1.000000000000000000e+00 0.000000000000000000e+00
0.000000000000000000e+00 9.548272807794508932e-01 0.000000000000000000e+00 0.000000000000000000e+00 1.000000000000000000e+00 0.000000000000000000e+00
0.000000000000000000e+00 9.439024390243901941e-01 0.000000000000000000e+00 0.000000000000000000e+00 1.000000000000000000e+00 0.000000000000000000e+00
0.000000000000000000e+00 9.351585014409221630e-01 0.000000000000000000e+00 0.000000000000000000e+00 1.000000000000000000e+00 0.000000000000000000e+00
