3.672000000000000000e+03
3.672000000000000000e+03
3.672000000000000000e+03
3.432000000000000000e+03
3.432000000000000000e+03
3.432000000000000000e+03
3.432000000000000000e+03
3.432000000000000000e+03
3.432000000000000000e+03
3.432000000000000000e+03
3.432000000000000000e+03
3.432000000000000000e+03
3.432000000000000000e+03
3.432000000000000000e+03
3.432000000000000000e+03
3.432000000000000000e+03
3.432000000000000000e+03
3.432000000000000000e+03
3.432000000000000000e+03
3.432000000000000000e+03
3.432000000000000000e+03
3.432000000000000000e+03
3.432000000000000000e+03
3.432000000000000000e+03
3.399000000000000000e+03
3.399000000000000000e+03
3.399000000000000000e+03
3.399000000000000000e+03
3.399000000000000000e+03
3.380000000000000000e+03
3.380000000000000000e+03
3.380000000000000000e+03
3.380000000000000000e+03
3.380000000000000000e+03
3.380000000000000000e+03
3.179000000000000000e+03
3.179000000000000000e+03
3.179000000000000000e+03
2.140000000000000000e+03
1.973000000000000000e+03
1.973000000000000000e+03
1.575000000000000000e+03
2.140000000000000000e+02
7.200000000000000000e+01
7.200000000000000000e+01
7.200000000000000000e+01
7.200000000000000000e+01
7.200000000000000000e+01
7.200000000000000000e+01
7.200000000000000000e+01
7.200000000000000000e+01
7.200000000000000000e+01
7.200000000000000000e+01
7.200000000000000000e+01
7.200000000000000000e+01
7.200000000000000000e+01
7.200000000000000000e+01
7.200000000000000000e+01
7.200000000000000000e+01
7.200000000000000000e+01
7.200000000000000000e+01
7.200000000000000000e+01
7.200000000000000000e+01
7.200000000000000000e+01
6.900000000000000000e+01
6.900000000000000000e+01
6.900000000000000000e+01
6.900000000000000000e+01
6.900000000000000000e+01
6.900000000000000000e+01
6.900000000000000000e+01
6.900000000000000000e+01
6.900000000000000000e+01
6.900000000000000000e+01
6.900000000000000000e+01
6.900000000000000000e+01
6.900000000000000000e+01
6.900000000000000000e+01
6.900000000000000000e+01
6.900000000000000000e+01
6.900000000000000000e+01
6.900000000000000000e+01
6.900000000000000000e+01
6.900000000000000000e+01
6.900000000000000000e+01
6.900000000000000000e+01
5.400000000000000000e+01
5.400000000000000000e+01
5.400000000000000000e+01
5.400000000000000000e+01
5.400000000000000000e+01
5.400000000000000000e+01
5.400000000000000000e+01
5.400000000000000000e+01
5.400000000000000000e+01
5.400000000000000000e+01
5.400000000000000000e+01
5.400000000000000000e+01
5.400000000000000000e+01
5.400000000000000000e+01
5.400000000000000000e+01
5.400000000000000000e+01
5.400000000000000000e+01
5.400000000000000000e+01
5.400000000000000000e+01
5.400000000000000000e+01
5.400000000000000000e+01
5.400000000000000000e+01
5.400000000000000000e+01
5.400000000000000000e+01
5.400000000000000000e+01
5.400000000000000000e+01
5.400000000000000000e+01
5.300000000000000000e+01
5.300000000000000000e+01
5.300000000000000000e+01
5.300000000000000000e+01
5.100000000000000000e+01
5.100000000000000000e+01
5.100000000000000000e+01
5.100000000000000000e+01
4.600000000000000000e+01
4.600000000000000000e+01
4.600000000000000000e+01
4.600000000000000000e+01
4.500000000000000000e+01
4.500000000000000000e+01
4.500000000000000000e+01
4.500000000000000000e+01
4.500000000000000000e+01
4.500000000000000000e+01
4.500000000000000000e+01
4.500000000000000000e+01
4.500000000000000000e+01
4.500000000000000000e+01
4.500000000000000000e+01
4.500000000000000000e+01
4.500000000000000000e+01
4.500000000000000000e+01
4.500000000000000000e+01
4.500000000000000000e+01
4.500000000000000000e+01
4.500000000000000000e+01
4.500000000000000000e+01
4.500000000000000000e+01
4.500000000000000000e+01
4.500000000000000000e+01
4.500000000000000000e+01
4.500000000000000000e+01
4.500000000000000000e+01
4.500000000000000000e+01
4.500000000000000000e+01
4.500000000000000000e+01
4.500000000000000000e+01
4.500000000000000000e+01
4.500000000000000000e+01
4.100000000000000000e+01
4.100000000000000000e+01
4.100000000000000000e+01
3.900000000000000000e+01
3.900000000000000000e+01
3.900000000000000000e+01
3.700000000000000000e+01
3.700000000000000000e+01
3.700000000000000000e+01
3.500000000000000000e+01
3.500000000000000000e+01
3.500000000000000000e+01
2.700000000000000000e+01
2.100000000000000000e+01
1.900000000000000000e+01
1.200000000000000000e+01
1.200000000000000000e+01
1.200000000000000000e+01
