3.672000000000000000e+03
3.672000000000000000e+03
3.672000000000000000e+03
3.672000000000000000e+03
3.672000000000000000e+03
3.672000000000000000e+03
3.672000000000000000e+03
3.672000000000000000e+03
3.672000000000000000e+03
3.672000000000000000e+03
3.672000000000000000e+03
3.672000000000000000e+03
3.672000000000000000e+03
3.672000000000000000e+03
3.672000000000000000e+03
3.672000000000000000e+03
3.672000000000000000e+03
3.671000000000000000e+03
3.666000000000000000e+03
3.666000000000000000e+03
3.666000000000000000e+03
3.613000000000000000e+03
3.516000000000000000e+03
3.483000000000000000e+03
3.483000000000000000e+03
3.399000000000000000e+03
3.265000000000000000e+03
3.265000000000000000e+03
1.461000000000000000e+03
1.461000000000000000e+03
1.407000000000000000e+03
1.195000000000000000e+03
8.260000000000000000e+02
8.260000000000000000e+02
5.300000000000000000e+01
5.100000000000000000e+01
4.600000000000000000e+01
4.500000000000000000e+01
