        Corr.   Lasso   Linear_reg      MIC     RF      RFE     Ridge   Stability       Mean
Var1    0.0	0.0     0.0     0.01    0.0     0.68    0.03    0.0     0.09
Var2    0.0     0.0     0.2     0.0     0.0     0.71    0.0     0.0     0.11
Var3    0.0     0.0     0.0     0.01    0.0     0.3     0.0     0.0     0.04
Var4    0.0     0.0     0.35    0.0     0.0     0.72    0.0     0.0     0.13
Var5    0.0     0.0     0.0     0.04    0.0     0.08    0.0     0.0     0.01
Var6    0.0     0.0     0.0     0.19    0.04    0.19    0.0     0.0     0.05
Var7    0.09    0.01    0.0     0.03    0.01    0.53    0.01    0.0     0.09
Var9    0.0     0.0     0.0     0.02    0.0     0.69    0.01    0.0     0.09
Var10   0.01    0.0     0.0     0.03    0.0     0.05    0.0     0.0     0.01
Var11   0.04    0.0     0.0     0.02    0.0     0.47    0.02    0.0     0.07
Var12   0.0     0.0     0.0     0.0     0.0     0.45    0.0     0.0     0.06
Var13   0.01    0.0     0.0     0.21    0.03    0.19    0.0     0.0     0.06
Var14   0.0     0.0     0.0     0.0     0.0     0.57    0.07    0.0     0.08
Var16   0.01    0.0     0.0     0.06    0.0     0.45    0.0     0.0     0.07
Var17   0.0     0.0     0.0     0.01    0.0     0.79    0.03    0.0     0.1
Var18   0.01    0.0     0.0     0.01    0.0     0.77    0.0     0.0     0.1
Var19   0.0     0.0     0.01    0.0     0.0     0.96    0.01    0.0     0.12
Var21   0.0     0.0     0.0     0.16    0.01    0.32    0.0     0.0     0.06
Var22   0.0     0.0     0.0     0.16    0.01    0.65    0.0     0.0     0.1
Var23   0.0     0.0     0.0     0.01    0.0     0.82    0.02    0.0     0.11
Var24   0.02    0.0     0.0     0.06    0.01    0.35    0.0     0.0     0.06
Var25   0.02    0.0     0.0     0.1     0.02    0.64    0.0     0.0     0.1
Var26   0.0     0.0     0.0     0.0     0.0     0.85    0.09    0.0     0.12
Var27   0.0     0.0     0.01    0.0     0.0     0.87    0.09    0.0     0.12
Var28   0.13    0.01    0.0     0.5     0.2     0.46    0.0     0.0     0.16
Var29   0.0     0.0     0.0     0.0     0.0     0.99    0.04    0.0     0.13
Var30   0.01    0.0     0.0     0.01    0.0     0.99    0.04    0.0     0.13
Var33   0.0     0.0     0.0     0.02    0.0     0.11    0.0     0.0     0.02
Var34   0.01    0.0     0.0     0.01    0.0     1.0     0.03    0.0     0.13
Var35   0.03    0.0     0.0     0.01    0.0     0.91    0.01    0.0     0.12
Var36   0.02    0.0     0.0     0.03    0.0     0.09    0.0     0.0     0.02
Var37   0.01    0.0     0.0     0.03    0.0     0.17    0.0     0.0     0.03
Var38   0.07    0.0     0.0     0.26    0.03    0.04    0.0     0.0     0.05
Var40   0.0     0.0     0.0     0.01    0.0     0.73    0.0     0.0     0.09
Var41   0.01    0.0     0.0     0.01    0.0     0.68    0.0     0.0     0.09
Var43   0.0     0.0     0.0     0.01    0.0     0.74    0.02    0.0     0.1
Var44   0.0     0.0     0.0     0.0     0.0     0.88    0.0     0.0     0.11
Var45   0.0     0.0     0.0     0.02    0.0     0.32    0.0     0.0     0.04
Var46   0.01    0.0     0.0     0.01    0.0     0.75    0.01    0.0     0.1
Var47   0.01    0.0     0.0     0.0     0.0     0.52    0.0     0.0     0.07
Var49   0.0     0.0     0.0     0.0     0.0     1.0     0.01    0.0     0.13
Var50   0.0     0.0     0.0     0.01    0.0     0.41    0.0     0.0     0.05
Var51   0.01    0.0     0.0     0.13    0.0     0.21    0.0     0.0     0.04
Var53   0.01    0.0     0.0     0.02    0.0     0.09    0.0     0.0     0.01
Var54   0.0     0.0     0.0     0.0     0.0     1.0     0.03    0.0     0.13
Var56   0.01    0.0     0.0     0.01    0.0     0.14    0.0     0.0     0.02
Var57   0.01    0.0     0.0     0.23    0.06    0.54    0.01    0.0     0.11
Var58   0.0     0.0     0.0     0.01    0.0     0.12    0.0     0.0     0.02
Var59   0.01    0.0     0.0     0.03    0.0     0.06    0.0     0.0     0.01
Var60   0.0     0.0     0.0     0.01    0.0     0.83    0.01    0.0     0.11
Var61   0.0     0.0     0.0     0.01    0.0     0.55    0.02    0.0     0.07
Var62   0.0     0.0     0.0     0.0     0.0     0.48    0.0     0.0     0.06
Var63   0.0     0.0     0.0     0.02    0.0     0.62    0.01    0.0     0.08
Var64   0.0     0.0     0.0     0.01    0.0     0.26    0.0     0.0     0.03
Var65   0.05    0.0     0.0     0.03    0.01    0.28    0.0     0.0     0.05
Var66   0.0     0.0     0.0     0.02    0.0     0.67    0.0     0.0     0.09
Var67   0.0     0.0     0.75    0.0     0.0     0.94    0.0     0.0     0.21
Var68   0.01    0.0     0.0     0.02    0.0     0.73    0.0     0.0     0.1
Var69   0.01    0.0     0.0     0.05    0.0     0.1     0.0     0.0     0.02
Var70   0.0     0.0     0.0     0.03    0.0     0.11    0.0     0.0     0.02
Var71   0.0     0.0     0.0     0.02    0.0     0.76    0.01    0.0     0.1
Var72   0.04    0.0     0.0     0.01    0.01    0.37    0.0     0.0     0.05
Var73   0.07    0.0     0.0     0.11    0.04    0.38    0.0     0.0     0.07
Var74   0.0     0.0     0.0     0.11    0.03    0.33    0.0     0.0     0.06
Var75   0.01    0.0     0.01    0.01    0.0     1.0     0.04    0.0     0.13
Var76   0.0     0.0     0.0     0.28    0.03    0.0     0.0     0.0     0.04
Var77   0.0     0.0     0.0     0.0     0.0     0.71    0.0     0.0     0.09
Var78   0.0     0.0     0.0     0.0     0.01    0.9     0.02    0.0     0.12
Var80   0.0     0.0     0.0     0.03    0.0     0.22    0.0     0.0     0.03
Var81   0.09    0.0     0.0     0.32    0.04    0.16    0.0     0.0     0.08
Var82   0.01    0.0     0.04    0.0     0.0     0.96    0.04    0.0     0.13
Var83   0.01    0.0     0.0     0.04    0.01    0.66    0.0     0.0     0.09
Var84   0.0     0.0     0.0     0.01    0.0     0.41    0.0     0.0     0.05
Var85   0.02    0.0     0.0     0.07    0.01    0.67    0.0     0.0     0.1
Var86   0.01    0.0     0.0     0.02    0.0     0.1     0.0     0.0     0.02
Var87   0.0     0.0     0.0     0.0     0.0     0.98    0.03    0.0     0.13
Var88   0.0     0.0     0.0     0.02    0.0     0.88    0.0     0.0     0.11
Var89   0.01    0.0     0.0     0.0     0.0     0.57    0.01    0.0     0.07
Var90   0.0     0.0     1.0     0.0     0.0     0.93    0.0     0.0     0.24
Var91   0.0     0.0     0.0     0.02    0.0     0.81    0.01    0.0     0.11
Var92   0.01    0.0     0.0     0.01    0.0     0.2     0.0     0.0     0.03
Var93   0.01    0.0     0.0     0.0     0.0     0.61    0.06    0.0     0.08
Var94   0.01    0.0     0.0     0.22    0.03    0.15    0.0     0.0     0.05
Var95   0.01    0.0     0.0     0.01    0.0     0.15    0.0     0.0     0.02
Var96   0.0     0.0     0.0     0.02    0.0     0.74    0.01    0.0     0.1
Var97   0.0     0.0     0.0     0.0     0.0     0.85    0.03    0.0     0.11
Var98   0.0     0.0     0.0     0.01    0.0     0.23    0.0     0.0     0.03
Var99   0.01    0.0     0.0     0.01    0.0     0.77    0.03    0.0     0.1
Var100  0.01    0.0     0.0     0.0     0.0     0.97    0.01    0.0     0.12
Var101  0.0     0.0     0.0     0.01    0.0     0.36    0.0     0.0     0.05
Var102  0.01    0.0     0.0     0.02    0.0     0.24    0.0     0.0     0.03
Var103  0.0     0.0     0.0     0.01    0.0     0.81    0.01    0.0     0.1
Var104  0.01    0.0     0.0     0.02    0.0     0.92    0.0     0.0     0.12
Var105  0.01    0.0     0.0     0.02    0.0     0.92    0.0     0.0     0.12
Var106  0.01    0.0     0.0     0.01    0.0     0.25    0.0     0.0     0.03
Var107  0.0     0.0     0.0     0.01    0.0     0.84    0.03    0.0     0.11
Var108  0.01    0.0     0.0     0.02    0.0     0.16    0.0     0.0     0.02
Var109  0.0     0.0     0.0     0.09    0.02    0.34    0.0     0.0     0.06
Var110  0.02    0.0     0.0     0.01    0.0     0.49    0.03    0.0     0.07
Var111  0.01    0.0     0.0     0.05    0.0     0.13    0.0     0.0     0.02
Var112  0.01    0.0     0.0     0.1     0.02    0.64    0.0     0.0     0.1
Var113  0.09    0.0     0.0     0.3     0.06    0.07    0.0     0.0     0.07
Var114  0.02    0.0     0.0     0.03    0.0     0.2     0.0     0.0     0.03
Var115  0.0     0.0     0.0     0.01    0.0     0.38    0.0     0.0     0.05
Var116  0.0     0.0     0.38    0.0     0.0     0.93    0.0     0.0     0.16
Var117  0.01    0.0     0.0     0.03    0.0     0.17    0.0     0.0     0.03
Var119  0.0     0.0     0.0     0.19    0.02    0.31    0.0     0.0     0.07
Var120  0.0     0.0     0.0     0.01    0.0     0.82    0.01    0.0     0.1
Var121  0.0     0.0     0.0     0.01    0.0     0.69    0.04    0.0     0.09
Var122  0.0     0.0     0.01    0.0     0.0     1.0     0.06    0.0     0.13
Var123  0.01    0.0     0.0     0.06    0.02    0.65    0.0     0.0     0.09
Var124  0.0     0.0     0.0     0.02    0.0     0.13    0.0     0.0     0.02
Var125  0.01    0.0     0.0     0.24    0.04    0.02    0.0     0.0     0.04
Var126  0.43    0.03    0.0     1.0     1.0     0.56    0.01    0.0     0.38
Var127  0.0     0.0     0.0     0.01    0.0     0.58    0.03    0.0     0.08
Var128  0.0     0.0     0.0     0.02    0.0     0.87    0.0     0.0     0.11
Var129  0.0     0.0     0.0     0.01    0.0     0.7     0.03    0.0     0.09
Var130  0.01    0.0     0.0     0.0     0.0     0.49    0.12    0.0     0.08
Var131  0.0     0.0     0.0     0.01    0.0     0.02    0.0     0.0     0.0
Var132  0.01    0.01    0.0     0.01    0.01    0.89    0.0     0.0     0.12
Var133  0.03    0.0     0.0     0.28    0.04    0.03    0.0     0.0     0.05
Var134  0.02    0.0     0.0     0.28    0.03    0.06    0.0     0.0     0.05
Var135  0.02    0.0     0.0     0.05    0.0     0.42    0.0     0.0     0.06
Var136  0.01    0.0     0.0     0.03    0.0     0.23    0.0     0.0     0.03
Var137  0.01    0.0     0.0     0.0     0.0     0.43    0.0     0.0     0.06
Var138  0.0     0.0     0.07    0.0     0.0     0.97    0.05    0.0     0.14
Var139  0.01    0.0     0.0     0.04    0.0     0.04    0.0     0.0     0.01
Var140  0.01    0.0     0.0     0.19    0.04    0.05    0.0     0.0     0.04
Var142  0.0     0.0     0.0     0.0     0.0     0.6     0.06    0.0     0.08
Var143  0.0     0.0     0.0     0.0     0.0     0.9     0.03    0.0     0.12
Var144  0.01    0.02    0.0     0.01    0.01    0.53    0.01    0.0     0.07
Var145  0.0     0.0     0.0     0.02    0.0     0.8     0.02    0.0     0.11
Var146  0.0     0.0     0.0     0.0     0.0     0.84    0.0     0.0     0.1
Var147  0.0     0.0     0.01    0.0     0.0     0.86    0.01    0.0     0.11
Var148  0.0     0.0     0.0     0.02    0.0     0.72    0.02    0.0     0.1
Var149  0.0     0.0     0.0     0.3     0.02    0.01    0.0     0.0     0.04
Var150  0.0     0.0     0.0     0.03    0.0     0.22    0.0     0.0     0.03
Var151  0.0     0.0     0.0     0.0     0.0     0.56    0.02    0.0     0.07
Var152  0.01    0.0     0.02    0.0     0.0     0.95    0.03    0.0     0.13
Var153  0.08    0.0     0.0     0.3     0.03    0.03    0.0     0.0     0.05
Var154  0.01    0.0     0.0     0.02    0.0     0.12    0.0     0.0     0.02
Var155  0.0     0.0     0.03    0.0     0.0     0.95    0.03    0.0     0.13
Var156  0.0     0.0     0.0     0.02    0.0     0.67    0.0     0.0     0.09
Var157  0.0     0.0     0.0     0.02    0.0     0.83    0.02    0.0     0.11
Var158  0.0     0.0     0.0     0.0     0.0     0.44    0.03    0.0     0.06
Var159  0.0     0.0     0.0     0.0     0.0     1.0     0.02    0.0     0.13
Var160  0.0     0.0     0.0     0.12    0.02    0.66    0.0     0.0     0.1
Var161  0.0     0.0     0.01    0.0     0.0     0.94    0.01    0.0     0.12
Var162  0.01    0.0     0.0     0.03    0.0     0.01    0.0     0.0     0.01
Var163  0.0     0.0     0.0     0.31    0.02    0.0     0.0     0.0     0.04
Var164  0.0     0.0     0.0     0.01    0.0     0.79    0.07    0.0     0.11
Var165  0.0     0.0     0.0     0.01    0.0     0.28    0.0     0.0     0.04
Var166  0.0     0.0     0.0     0.01    0.0     0.8     0.01    0.0     0.1
Var168  0.03    0.0     0.0     0.04    0.0     0.39    0.0     0.0     0.06
Var170  0.02    0.0     0.0     0.01    0.0     0.76    0.01    0.0     0.1
Var171  0.0     0.0     0.0     0.03    0.0     0.18    0.0     0.0     0.03
Var172  0.0     0.0     0.0     0.01    0.0     0.86    0.02    0.0     0.11
Var173  0.0     0.0     0.0     0.0     0.0     0.91    0.01    0.0     0.12
Var174  0.0     0.0     0.0     0.01    0.0     0.78    0.06    0.0     0.11
Var176  0.0     0.0     0.0     0.0     0.0     0.5     0.01    0.0     0.06
Var177  0.01    0.0     0.0     0.02    0.0     0.14    0.0     0.0     0.02
Var178  0.01    0.0     0.0     0.01    0.0     0.52    0.02    0.0     0.07
Var179  0.0     0.0     0.0     0.01    0.0     0.78    0.02    0.0     0.1
Var180  0.02    0.0     0.0     0.03    0.0     0.08    0.0     0.0     0.02
Var181  0.0     0.0     0.0     0.0     0.0     0.89    0.0     0.0     0.11
Var182  0.01    0.0     0.0     0.04    0.0     0.18    0.0     0.0     0.03
Var183  0.01    0.0     0.0     0.02    0.0     0.21    0.0     0.0     0.03
Var184  0.02    0.0     0.0     0.01    0.0     0.75    0.0     0.0     0.1
Var186  0.01    0.0     0.0     0.0     0.0     0.98    0.03    0.0     0.13
Var187  0.0     0.0     0.0     0.01    0.0     0.7     0.01    0.0     0.09
Var188  0.05    0.01    0.0     0.05    0.0     0.4     0.0     0.0     0.06
Var189  0.01    0.0     0.0     0.02    0.03    0.34    0.0     0.0     0.05
Var190  0.01    0.0     0.0     0.02    0.0     0.29    0.0     0.0     0.04
Var192  0.0     0.0     0.0     0.14    0.05    0.35    0.0     0.0     0.07
Var193  0.0     0.0     0.0     0.02    0.01    0.39    0.0     0.0     0.05
Var194  0.0     0.0     0.0     0.0     0.0     0.58    0.04    0.0     0.08
Var195  0.0     0.0     0.0     0.01    0.0     0.4     0.0     0.0     0.05
Var196  0.0     0.0     0.0     0.0     0.0     0.47    0.01    0.0     0.06
Var197  0.01    0.0     0.0     0.09    0.04    0.36    0.0     0.0     0.06
Var198  0.0     0.0     0.0     0.19    0.06    0.29    0.0     0.0     0.07
Var199  0.0     0.0     0.0     0.17    0.06    0.3     0.0     0.0     0.07
Var200  0.06    0.0     0.0     0.23    0.02    0.26    0.0     0.0     0.07
Var201  0.0     0.01    0.0     0.0     0.0     0.61    0.2     0.0     0.1
Var202  0.0     0.0     0.0     0.22    0.06    0.27    0.0     0.0     0.07
Var203  0.0     0.0     0.0     0.0     0.0     0.42    0.02    0.0     0.06
Var204  0.0     0.0     0.0     0.11    0.05    0.31    0.0     0.0     0.06
Var205  0.0     0.0     0.0     0.0     0.01    0.5     0.0     0.0     0.06
Var206  0.01    0.01    0.0     0.06    0.02    0.48    0.0     0.0     0.07
Var207  0.01    0.0     0.0     0.01    0.0     0.37    0.0     0.0     0.05
Var208  0.0     0.0     0.0     0.0     0.0     0.33    0.0     0.0     0.04
Var210  0.13    0.0     0.0     0.05    0.0     0.63    0.18    0.0     0.12
Var211  1.0     1.0     0.0     0.29    0.01    0.63    1.0     0.0     0.49
Var212  0.0     0.0     0.0     0.05    0.02    0.46    0.0     0.0     0.07
Var214  0.07    0.0     0.0     0.23    0.02    0.24    0.0     0.0     0.07
Var216  0.03    0.0     0.0     0.31    0.03    0.33    0.0     0.0     0.09
Var217  0.0     0.0     0.0     0.24    0.07    0.25    0.0     0.0     0.07
Var218  0.07    0.0     0.0     0.03    0.01    0.6     0.03    0.0     0.09
Var219  0.05    0.0     0.0     0.03    0.01    0.51    0.0     0.0     0.08
Var220  0.0     0.0     0.0     0.18    0.05    0.07    0.0     0.0     0.04
Var221  0.0     0.0     0.0     0.01    0.01    0.51    0.01    0.0     0.07
Var222  0.01    0.0     0.0     0.17    0.05    0.27    0.0     0.0     0.06
Var223  0.0     0.0     0.0     0.02    0.01    0.59    0.02    0.0     0.08
Var225  0.05    0.0     0.0     0.05    0.01    0.62    0.12    0.0     0.11
Var226  0.0     0.0     0.0     0.06    0.03    0.43    0.0     0.0     0.07
Var227  0.0     0.0     0.0     0.01    0.01    0.54    0.0     0.0     0.07
Var228  0.01    0.0     0.0     0.02    0.01    0.44    0.0     0.0     0.06
Var229  0.1     0.0     0.0     0.03    0.01    0.59    0.02    0.0     0.09
missing_count   0.14    0.06    0.0     0.06    0.03    0.55    0.03    0.0     0.11