5.000000000000000000e+04
5.000000000000000000e+04
5.000000000000000000e+04
4.499100000000000000e+04
4.499100000000000000e+04
4.499100000000000000e+04
4.499100000000000000e+04
4.499100000000000000e+04
4.499100000000000000e+04
4.499100000000000000e+04
4.499100000000000000e+04
4.499100000000000000e+04
4.499100000000000000e+04
4.499100000000000000e+04
4.499100000000000000e+04
4.499100000000000000e+04
4.499100000000000000e+04
4.499100000000000000e+04
4.499100000000000000e+04
4.499100000000000000e+04
4.499100000000000000e+04
4.499100000000000000e+04
4.498900000000000000e+04
4.499100000000000000e+04
4.447100000000000000e+04
4.447100000000000000e+04
4.447100000000000000e+04
4.447100000000000000e+04
4.447100000000000000e+04
4.446100000000000000e+04
4.446100000000000000e+04
4.446100000000000000e+04
4.446100000000000000e+04
4.446100000000000000e+04
4.446100000000000000e+04
4.277000000000000000e+04
4.277000000000000000e+04
4.277000000000000000e+04
3.608000000000000000e+04
2.762000000000000000e+04
2.762000000000000000e+04
2.102200000000000000e+04
3.747000000000000000e+03
1.579000000000000000e+03
1.579000000000000000e+03
1.579000000000000000e+03
1.579000000000000000e+03
1.579000000000000000e+03
1.579000000000000000e+03
1.579000000000000000e+03
1.579000000000000000e+03
1.579000000000000000e+03
1.579000000000000000e+03
1.579000000000000000e+03
1.579000000000000000e+03
1.579000000000000000e+03
1.579000000000000000e+03
1.579000000000000000e+03
1.579000000000000000e+03
1.579000000000000000e+03
1.579000000000000000e+03
1.579000000000000000e+03
1.579000000000000000e+03
1.579000000000000000e+03
1.487000000000000000e+03
1.487000000000000000e+03
1.487000000000000000e+03
1.487000000000000000e+03
1.487000000000000000e+03
1.487000000000000000e+03
1.487000000000000000e+03
1.487000000000000000e+03
1.487000000000000000e+03
1.487000000000000000e+03
1.487000000000000000e+03
1.487000000000000000e+03
1.487000000000000000e+03
1.487000000000000000e+03
1.487000000000000000e+03
1.487000000000000000e+03
1.487000000000000000e+03
1.487000000000000000e+03
1.487000000000000000e+03
1.487000000000000000e+03
1.487000000000000000e+03
1.487000000000000000e+03
1.241000000000000000e+03
1.240000000000000000e+03
1.241000000000000000e+03
1.241000000000000000e+03
1.241000000000000000e+03
1.240000000000000000e+03
1.241000000000000000e+03
1.241000000000000000e+03
1.240000000000000000e+03
1.240000000000000000e+03
1.241000000000000000e+03
1.241000000000000000e+03
1.241000000000000000e+03
1.241000000000000000e+03
1.241000000000000000e+03
1.240000000000000000e+03
1.241000000000000000e+03
1.241000000000000000e+03
1.240000000000000000e+03
1.241000000000000000e+03
1.241000000000000000e+03
1.241000000000000000e+03
1.241000000000000000e+03
1.241000000000000000e+03
1.241000000000000000e+03
1.241000000000000000e+03
1.241000000000000000e+03
1.083000000000000000e+03
1.083000000000000000e+03
1.083000000000000000e+03
1.083000000000000000e+03
1.129000000000000000e+03
1.129000000000000000e+03
1.129000000000000000e+03
1.129000000000000000e+03
8.200000000000000000e+02
8.200000000000000000e+02
8.200000000000000000e+02
8.200000000000000000e+02
7.020000000000000000e+02
7.020000000000000000e+02
7.020000000000000000e+02
6.940000000000000000e+02
7.020000000000000000e+02
7.020000000000000000e+02
7.020000000000000000e+02
7.020000000000000000e+02
7.020000000000000000e+02
7.020000000000000000e+02
6.940000000000000000e+02
7.020000000000000000e+02
7.020000000000000000e+02
7.020000000000000000e+02
7.020000000000000000e+02
7.020000000000000000e+02
7.020000000000000000e+02
6.940000000000000000e+02
6.940000000000000000e+02
7.020000000000000000e+02
7.020000000000000000e+02
7.020000000000000000e+02
7.020000000000000000e+02
7.020000000000000000e+02
7.020000000000000000e+02
7.020000000000000000e+02
7.020000000000000000e+02
7.020000000000000000e+02
7.020000000000000000e+02
7.020000000000000000e+02
7.020000000000000000e+02
8.730000000000000000e+02
8.730000000000000000e+02
8.730000000000000000e+02
8.470000000000000000e+02
8.470000000000000000e+02
8.470000000000000000e+02
5.580000000000000000e+02
5.580000000000000000e+02
5.580000000000000000e+02
6.460000000000000000e+02
6.460000000000000000e+02
6.460000000000000000e+02
4.510000000000000000e+02
3.440000000000000000e+02
3.330000000000000000e+02
1.710000000000000000e+02
2.380000000000000000e+02
1.710000000000000000e+02
