5.000000000000000000e+04
5.000000000000000000e+04
5.000000000000000000e+04
4.999900000000000000e+04
5.000000000000000000e+04
5.000000000000000000e+04
5.000000000000000000e+04
5.000000000000000000e+04
5.000000000000000000e+04
5.000000000000000000e+04
5.000000000000000000e+04
5.000000000000000000e+04
5.000000000000000000e+04
5.000000000000000000e+04
5.000000000000000000e+04
5.000000000000000000e+04
5.000000000000000000e+04
4.999600000000000000e+04
4.985700000000000000e+04
4.985700000000000000e+04
4.985700000000000000e+04
4.963100000000000000e+04
4.806600000000000000e+04
4.929700000000000000e+04
4.929700000000000000e+04
4.447100000000000000e+04
4.478900000000000000e+04
4.478900000000000000e+04
2.459200000000000000e+04
2.459200000000000000e+04
2.385600000000000000e+04
2.156800000000000000e+04
1.278400000000000000e+04
1.278300000000000000e+04
1.083000000000000000e+03
1.129000000000000000e+03
8.200000000000000000e+02
6.940000000000000000e+02
